-5.416914231451490195e+03
-5.416914231451490195e+03
-5.416914231451490195e+03
-5.416914231451490195e+03
-5.421223299174550448e+03
-5.421291802772509982e+03
-5.421291802772509982e+03
-5.421291802772509982e+03
-5.421291802772509982e+03
-5.421291802772509982e+03
-5.421291802772509982e+03
-5.421291802772509982e+03
-5.421291802772509982e+03
-5.421291802772509982e+03
-5.421291802772509982e+03
-5.421291802772509982e+03
-5.421291802772509982e+03
-5.421291802772509982e+03
-5.421291802772509982e+03
-5.421291802772509982e+03
-5.421291802772509982e+03
-5.421291802772509982e+03
-5.421291802772509982e+03
-5.421291802772509982e+03
-5.421278916287060383e+03
-5.421278916287060383e+03
-5.421278916287060383e+03
-5.421278916287060383e+03
-5.422366321293879992e+03
-5.422366321293879992e+03
-5.422366321293879992e+03
-5.423297889372730424e+03
-5.423297889372730424e+03
-5.423297889372730424e+03
-5.423297889372730424e+03
-5.423505061295980340e+03
-5.423505061295980340e+03
-5.423505061295980340e+03
-5.423505061295980340e+03
-5.423505061295980340e+03
-5.423505061295980340e+03
-5.423505061295980340e+03
-5.423505061295980340e+03
-5.423505061295980340e+03
-5.423505061295980340e+03
-5.423505061295980340e+03
-5.423505061295980340e+03
-5.423505061295980340e+03
-5.424831870264810277e+03
-5.424831870264810277e+03
-5.424831870264810277e+03
-5.424831870264810277e+03
-5.424831870264810277e+03
-5.424936270136279745e+03
-5.424936270136279745e+03
-5.424936270136279745e+03
-5.424936270136279745e+03
-5.424936270136279745e+03
-5.424832091302479967e+03
-5.424832091302479967e+03
-5.424832091302479967e+03
-5.424832091302479967e+03
-5.424832091302479967e+03
-5.424832091302479967e+03
-5.424832091302479967e+03
-5.424832091302479967e+03
-5.424832091302479967e+03
-5.425323651171749589e+03
-5.425323651171749589e+03
-5.425323651171749589e+03
-5.425323651171749589e+03
-5.425323651171749589e+03
-5.425465736844280400e+03
-5.425515567756719975e+03
-5.425515567756719975e+03
-5.425515567756719975e+03
-5.425515567756719975e+03
-5.425549933957479880e+03
-5.425549933957479880e+03
-5.425377077313990412e+03
-5.425377077313990412e+03
-5.425377077313990412e+03
-5.425377077313990412e+03
-5.425377077313990412e+03
-5.425377077313990412e+03
-5.426202271686180211e+03
-5.426202271686180211e+03
-5.426202271686180211e+03
-5.426202271686180211e+03
-5.426202271686180211e+03
-5.426202271686180211e+03
-5.426391909537699576e+03
-5.426391909537699576e+03
-5.426391909537699576e+03
-5.426391909537699576e+03
-5.426391909537699576e+03
-5.426391909537699576e+03
-5.426391909537699576e+03
-5.426391909537699576e+03
-5.426391909537699576e+03
-5.426391909537699576e+03
-5.426391909537699576e+03
-5.426391909537699576e+03
-5.426391909537699576e+03
-5.426391909537699576e+03
-5.426391909537699576e+03
-5.426391909537699576e+03
-5.426391909537699576e+03
-5.426391909537699576e+03
-5.426391909537699576e+03
-5.426391909537699576e+03
-5.426391909537699576e+03
-5.426391909537699576e+03
-5.426391909537699576e+03
-5.426589864853210202e+03
-5.426589864853210202e+03
-5.426589864853210202e+03
-5.426589864853210202e+03
-5.426589864853210202e+03
-5.426589864853210202e+03
-5.426589864853210202e+03
-5.426589864853210202e+03
-5.426589864853210202e+03
-5.426589864853210202e+03
-5.426589864853210202e+03
-5.426589864853210202e+03
-5.426589864853210202e+03
-5.426589864853210202e+03
-5.426774996398219628e+03
-5.426774996398219628e+03
-5.426774996398219628e+03
-5.426774996398219628e+03
-5.426774996398219628e+03
-5.426774996398219628e+03
-5.426774996398219628e+03
-5.426774996398219628e+03
-5.426774996398219628e+03
-5.426774996398219628e+03
-5.426774996398219628e+03
-5.426774996398219628e+03
-5.426774996398219628e+03
-5.426774996398219628e+03
-5.426774996398219628e+03
-5.426774996398219628e+03
-5.426921464718760035e+03
-5.426921464718760035e+03
-5.427245903423529853e+03
-5.427245903423529853e+03
-5.427245903423529853e+03
-5.427245903423529853e+03
-5.427528543268559588e+03
-5.427528543268559588e+03
-5.427439700859020377e+03
-5.427439700859020377e+03
-5.427439700859020377e+03
-5.427439700859020377e+03
-5.427529082217920404e+03
-5.427529082217920404e+03
-5.427529082217920404e+03
-5.427529082217920404e+03
-5.427529082217920404e+03
-5.427529082217920404e+03
-5.427529082217920404e+03
-5.427529082217920404e+03
-5.427529082217920404e+03
-5.427518928656370008e+03
-5.427518928656370008e+03
-5.427518928656370008e+03
-5.427518928656370008e+03
-5.427518928656370008e+03
-5.427518928656370008e+03
-5.427518928656370008e+03
-5.427694748011789670e+03
-5.427694748011789670e+03
-5.427694748011789670e+03
-5.427694748011789670e+03
-5.427694748011789670e+03
-5.427694748011789670e+03
-5.427694748011789670e+03
-5.427694748011789670e+03
-5.427694748011789670e+03
-5.427694748011789670e+03
-5.427694748011789670e+03
-5.427759484693149716e+03
-5.427759484693149716e+03
-5.427759484693149716e+03
-5.427759484693149716e+03
-5.427759484693149716e+03
-5.427759484693149716e+03
-5.427759484693149716e+03
-5.427759484693149716e+03
-5.427843035930120095e+03
-5.427843035930120095e+03
-5.427843035930120095e+03
-5.427843035930120095e+03
-5.427843035930120095e+03
-5.427893031076810075e+03
-5.427893031076810075e+03
-5.427693622410470198e+03
-5.427693622410470198e+03
-5.427693622410470198e+03
-5.427693622410470198e+03
-5.428814089567539668e+03
-5.428814089567539668e+03
-5.428814089567539668e+03
-5.428814089567539668e+03
-5.428814089567539668e+03
-5.428814089567539668e+03
-5.428814089567539668e+03
-5.428814089567539668e+03
-5.428814089567539668e+03
-5.428814089567539668e+03
-5.428814089567539668e+03
-5.428814089567539668e+03
-5.428814089567539668e+03
-5.428814089567539668e+03
-5.428814089567539668e+03
-5.428814089567539668e+03
-5.428814089567539668e+03
-5.428814089567539668e+03
-5.428814089567539668e+03
-5.428882160425449911e+03
-5.428882160425449911e+03
-5.428882160425449911e+03
-5.428882160425449911e+03
-5.428882160425449911e+03
-5.429053051722929922e+03
-5.429053051722929922e+03
-5.429078625757760165e+03
-5.429078625757760165e+03
-5.429610274308040061e+03
-5.429610274308040061e+03
-5.429610274308040061e+03
-5.429610274308040061e+03
-5.429610274308040061e+03
-5.429610274308040061e+03
-5.429610274308040061e+03
-5.429658336332269755e+03
-5.429658336332269755e+03
-5.430114401961989643e+03
-5.430114401961989643e+03
-5.430114401961989643e+03
-5.430114401961989643e+03
-5.430114401961989643e+03
-5.430800376399200104e+03
-5.430673809464989972e+03
-5.430673809464989972e+03
-5.430673809464989972e+03
-5.430673809464989972e+03
-5.430673809464989972e+03
-5.430546349235160051e+03
-5.430546349235160051e+03
-5.430546349235160051e+03
-5.430546349235160051e+03
-5.430546349235160051e+03
-5.430844604422310113e+03
-5.430844604422310113e+03
-5.430844604422310113e+03
-5.430844604422310113e+03
-5.430844604422310113e+03
-5.430844604422310113e+03
-5.430844604422310113e+03
-5.430844604422310113e+03
-5.430812199957010307e+03
-5.430812199957010307e+03
-5.430812199957010307e+03
-5.430812199957010307e+03
-5.430861316381639881e+03
-5.430861316381639881e+03
-5.430861316381639881e+03
-5.430861316381639881e+03
-5.431569434544119758e+03
-5.431569434544119758e+03
-5.431569434544119758e+03
-5.431569434544119758e+03
-5.431569434544119758e+03
-5.432278357226549815e+03
-5.433010181130150158e+03
-5.433010181130150158e+03
-5.433010181130150158e+03
-5.433187774152969723e+03
-5.433187774152969723e+03
-5.433296469505749883e+03
-5.433296469505749883e+03
-5.433296469505749883e+03
-5.433296469505749883e+03
-5.433296469505749883e+03
-5.433516831633410220e+03
-5.433516831633410220e+03
-5.433516831633410220e+03
-5.433516831633410220e+03
-5.433516831633410220e+03
-5.433517138535469712e+03
-5.433517138535469712e+03
-5.433517138535469712e+03
-5.433517138535469712e+03
-5.433517138535469712e+03
-5.433517138535469712e+03
-5.433639690666400384e+03
-5.433639690666400384e+03
-5.433639690666400384e+03
-5.434667170526469818e+03
-5.434667170526469818e+03
-5.434667170526469818e+03
-5.434667170526469818e+03
-5.434667170526469818e+03
-5.434667170526469818e+03
-5.434667170526469818e+03
-5.434667170526469818e+03
-5.434667170526469818e+03
-5.434667170526469818e+03
-5.434667170526469818e+03
-5.434667170526469818e+03
-5.434667170526469818e+03
-5.434667170526469818e+03
-5.434738903113769993e+03
-5.435631354590440424e+03
-5.435631354590440424e+03
-5.435631354590440424e+03
-5.435631354590440424e+03
-5.435631354590440424e+03
-5.435631354590440424e+03
-5.435631354590440424e+03
-5.435631354590440424e+03
-5.435631354590440424e+03
-5.435631354590440424e+03
-5.435631354590440424e+03
-5.435631354590440424e+03
-5.435631354590440424e+03
-5.435629896180479591e+03
-5.435629896180479591e+03
-5.435629896180479591e+03
-5.435629896180479591e+03
-5.435629896180479591e+03
-5.435629896180479591e+03
-5.435629896180479591e+03
-5.435629896180479591e+03
-5.435321158792519782e+03
-5.435321158792519782e+03
-5.435770122881130192e+03
-5.435770122881130192e+03
-5.435770122881130192e+03
-5.435770122881130192e+03
-5.437028600836229998e+03
-5.437028600836229998e+03
-5.437028600836229998e+03
-5.437028600836229998e+03
-5.437028600836229998e+03
-5.437028600836229998e+03
-5.437028600836229998e+03
-5.437028600836229998e+03
-5.437028600836229998e+03
-5.436811034905150336e+03
-5.436811034905150336e+03
-5.436811034905150336e+03
-5.436811034905150336e+03
-5.436811034905150336e+03
-5.436811034905150336e+03
-5.436811034905150336e+03
-5.436678831764989809e+03
-5.436678831764989809e+03
-5.436678831764989809e+03
-5.436678831764989809e+03
-5.436678831764989809e+03
-5.436663967909020357e+03
-5.436663967909020357e+03
-5.436663967909020357e+03
-5.436663967909020357e+03
-5.436663967909020357e+03
-5.436663967909020357e+03
-5.436785618304909804e+03
-5.436785618304909804e+03
-5.436785618304909804e+03
-5.436785618304909804e+03
-5.436785618304909804e+03
-5.436785618304909804e+03
-5.436713016611000057e+03
-5.436713016611000057e+03
-5.436713016611000057e+03
-5.436713016611000057e+03
-5.436713016611000057e+03
-5.436713016611000057e+03
-5.436713016611000057e+03
-5.436713016611000057e+03
-5.437183837118200245e+03
-5.437941837173810200e+03
-5.437972597641900393e+03
-5.438193161347800014e+03
-5.438193161347800014e+03
-5.438193161347800014e+03
-5.438454426944060287e+03
-5.438454426944060287e+03
-5.438454426944060287e+03
-5.438454426944060287e+03
-5.438454426944060287e+03
-5.438454426944060287e+03
-5.438454426944060287e+03
-5.438454426944060287e+03
-5.438454426944060287e+03
-5.438454426944060287e+03
-5.438454426944060287e+03
-5.438454426944060287e+03
-5.438471466014930229e+03
-5.438471466014930229e+03
-5.438471466014930229e+03
-5.438471466014930229e+03
-5.438369891155520236e+03
-5.438369891155520236e+03
-5.438369891155520236e+03
-5.438369891155520236e+03
-5.438369891155520236e+03
-5.438369891155520236e+03
-5.438369891155520236e+03
-5.438369891155520236e+03
-5.438369891155520236e+03
-5.438377887388310228e+03
-5.438377887388310228e+03
-5.438377887388310228e+03
-5.438377887388310228e+03
-5.438377887388310228e+03
-5.438377887388310228e+03
-5.438377887388310228e+03
-5.438377887388310228e+03
-5.438234104379879682e+03
-5.438234104379879682e+03
-5.438234104379879682e+03
-5.438234104379879682e+03
-5.438234104379879682e+03
-5.438234104379879682e+03
-5.438234104379879682e+03
-5.438234104379879682e+03
-5.438234104379879682e+03
-5.438651941151790197e+03
-5.438651941151790197e+03
-5.438651941151790197e+03
-5.438651941151790197e+03
-5.438651941151790197e+03
-5.438651941151790197e+03
-5.438651941151790197e+03
-5.438651941151790197e+03
-5.438651941151790197e+03
-5.438651941151790197e+03
-5.438651941151790197e+03
-5.438651941151790197e+03
-5.438651941151790197e+03
-5.438651941151790197e+03
-5.438651941151790197e+03
-5.438651941151790197e+03
-5.438651941151790197e+03
-5.438651941151790197e+03
-5.438651941151790197e+03
-5.438651941151790197e+03
-5.438651941151790197e+03
-5.438544404707869944e+03
-5.438544404707869944e+03
-5.438544404707869944e+03
-5.438544404707869944e+03
-5.438544404707869944e+03
-5.438544404707869944e+03
-5.438544404707869944e+03
-5.438544404707869944e+03
-5.438544404707869944e+03
-5.438544404707869944e+03
-5.438544404707869944e+03
-5.438544404707869944e+03
-5.438544404707869944e+03
-5.438544404707869944e+03
-5.438544404707869944e+03
-5.438544404707869944e+03
-5.438544404707869944e+03
-5.438544404707869944e+03
-5.438544404707869944e+03
-5.438544404707869944e+03
-5.438544404707869944e+03
-5.438544404707869944e+03
-5.438544404707869944e+03
-5.438544404707869944e+03
-5.438544404707869944e+03
-5.438544404707869944e+03
-5.438544404707869944e+03
-5.438544404707869944e+03
-5.438544404707869944e+03
-5.438544404707869944e+03
-5.438544404707869944e+03
-5.438544404707869944e+03
-5.438544404707869944e+03
-5.438544404707869944e+03
-5.438544404707869944e+03
-5.438366209694329882e+03
-5.438366209694329882e+03
-5.438366209694329882e+03
-5.438366209694329882e+03
-5.438366209694329882e+03
-5.438366209694329882e+03
-5.438366209694329882e+03
-5.438366209694329882e+03
-5.438366209694329882e+03
-5.438366209694329882e+03
-5.438366209694329882e+03
-5.438366209694329882e+03
-5.438272652400950392e+03
-5.438277222979369981e+03
-5.438277222979369981e+03
-5.438277222979369981e+03
-5.438277222979369981e+03
-5.438277222979369981e+03
-5.438098944472780204e+03
-5.438098944472780204e+03
-5.438098944472780204e+03
-5.438098944472780204e+03
-5.438098944472780204e+03
-5.438118777124150256e+03
-5.438118777124150256e+03
-5.438118777124150256e+03
-5.438118777124150256e+03
-5.438118777124150256e+03
-5.438118777124150256e+03
-5.438118777124150256e+03
-5.438198946389050434e+03
-5.438198946389050434e+03
-5.438198946389050434e+03
-5.438198946389050434e+03
-5.438198946389050434e+03
-5.438198946389050434e+03
-5.438198946389050434e+03
-5.438174170566920111e+03
-5.438454694720379848e+03
-5.438450217143739792e+03
-5.438177663012979792e+03
-5.438177663012979792e+03
-5.438177663012979792e+03
-5.438177663012979792e+03
-5.439239868073559592e+03
-5.439239868073559592e+03
-5.439239868073559592e+03
-5.439239868073559592e+03
-5.439239868073559592e+03
-5.439239868073559592e+03
-5.439239868073559592e+03
-5.439239868073559592e+03
-5.439239868073559592e+03
-5.439239868073559592e+03
-5.439239868073559592e+03
-5.439239868073559592e+03
-5.439239868073559592e+03
-5.439239868073559592e+03
-5.439239868073559592e+03
-5.439239868073559592e+03
-5.439239868073559592e+03
-5.439239868073559592e+03
-5.439239868073559592e+03
-5.439239868073559592e+03
-5.439239868073559592e+03
-5.439239868073559592e+03
-5.439239868073559592e+03
-5.439238948049999635e+03
-5.439340299707459963e+03
-5.439340299707459963e+03
-5.439340299707459963e+03
-5.439340299707459963e+03
-5.439340299707459963e+03
-5.439340299707459963e+03
-5.439340299707459963e+03
-5.439340299707459963e+03
-5.439340299707459963e+03
-5.439340299707459963e+03
-5.439340299707459963e+03
-5.439340299707459963e+03
-5.439340299707459963e+03
-5.439340299707459963e+03
-5.439340299707459963e+03
-5.439340299707459963e+03
-5.439340299707459963e+03
-5.439340299707459963e+03
-5.439340299707459963e+03
-5.439340299707459963e+03
-5.439340299707459963e+03
-5.439340299707459963e+03
-5.439633988908630272e+03
-5.439633988908630272e+03
-5.439633988908630272e+03
-5.439633988908630272e+03
-5.439633988908630272e+03
-5.439633988908630272e+03
-5.439633988908630272e+03
-5.439606070429849751e+03
-5.439606070429849751e+03
-5.439606070429849751e+03
-5.439606070429849751e+03
-5.439606070429849751e+03
-5.439606070429849751e+03
-5.439606070429849751e+03
-5.439606070429849751e+03
-5.439606070429849751e+03
-5.439606070429849751e+03
-5.439585746504259987e+03
-5.439585746504259987e+03
-5.439585746504259987e+03
-5.439679105857249851e+03
-5.439679105857249851e+03
-5.439679105857249851e+03
-5.439679105857249851e+03
-5.439679105857249851e+03
-5.439679105857249851e+03
-5.439644650996199744e+03
-5.439644650996199744e+03
-5.439644650996199744e+03
-5.439644650996199744e+03
-5.439644650996199744e+03
-5.439644650996199744e+03
-5.439644650996199744e+03
-5.439644650996199744e+03
-5.439644650996199744e+03
-5.439644650996199744e+03
-5.439644650996199744e+03
-5.439644650996199744e+03
-5.439644650996199744e+03
-5.439332867074420392e+03
-5.439332867074420392e+03
-5.439332867074420392e+03
-5.439332867074420392e+03
-5.439332867074420392e+03
-5.439332867074420392e+03
-5.439332867074420392e+03
-5.439332867074420392e+03
-5.439332867074420392e+03
-5.439332867074420392e+03
-5.439332867074420392e+03
-5.439332867074420392e+03
-5.439332867074420392e+03
-5.439332867074420392e+03
-5.439332867074420392e+03
-5.439332867074420392e+03
-5.439332867074420392e+03
-5.439332867074420392e+03
-5.439332867074420392e+03
-5.439332867074420392e+03
-5.439332867074420392e+03
-5.439332867074420392e+03
-5.439332867074420392e+03
-5.439332867074420392e+03
-5.439332867074420392e+03
-5.439332867074420392e+03
-5.439251866843829703e+03
-5.439251866843829703e+03
-5.439251866843829703e+03
-5.439251866843829703e+03
-5.439251866843829703e+03
-5.439251866843829703e+03
-5.439251866843829703e+03
-5.439251866843829703e+03
-5.439251866843829703e+03
-5.439251866843829703e+03
-5.439251866843829703e+03
-5.439251866843829703e+03
-5.439251866843829703e+03
-5.439251866843829703e+03
-5.439251866843829703e+03
-5.439251866843829703e+03
-5.439251866843829703e+03
-5.439251866843829703e+03
-5.439251866843829703e+03
-5.439251866843829703e+03
-5.439251866843829703e+03
-5.439251866843829703e+03
-5.439084803181750431e+03
-5.439084803181750431e+03
-5.439084803181750431e+03
-5.439084803181750431e+03
-5.439084803181750431e+03
-5.439084803181750431e+03
-5.439084803181750431e+03
-5.438923563916960120e+03
-5.438923563916960120e+03
-5.438923563916960120e+03
-5.438923563916960120e+03
-5.438923563916960120e+03
-5.438923563916960120e+03
-5.438923563916960120e+03
-5.438923563916960120e+03
-5.438923563916960120e+03
-5.438923563916960120e+03
-5.438923563916960120e+03
-5.438923563916960120e+03
-5.438923563916960120e+03
-5.438923563916960120e+03
-5.438923563916960120e+03
-5.438923563916960120e+03
-5.438923563916960120e+03
-5.438923563916960120e+03
-5.438923563916960120e+03
-5.438923563916960120e+03
-5.438923563916960120e+03
-5.438923563916960120e+03
-5.439098635243990429e+03
-5.439098635243990429e+03
-5.439098635243990429e+03
-5.439098635243990429e+03
-5.439098635243990429e+03
-5.439098635243990429e+03
-5.439629526115380031e+03
-5.439629526115380031e+03
-5.439629526115380031e+03
-5.439629526115380031e+03
-5.439629526115380031e+03
-5.439629526115380031e+03
-5.439629526115380031e+03
-5.439629526115380031e+03
-5.439629526115380031e+03
-5.439629526115380031e+03
-5.439629526115380031e+03
-5.439592827785359987e+03
-5.439592827785359987e+03
-5.439592827785359987e+03
-5.439592827785359987e+03
-5.439592827785359987e+03
-5.439592827785359987e+03
-5.439592827785359987e+03
-5.439592827785359987e+03
-5.439592827785359987e+03
-5.439592827785359987e+03
-5.439592827785359987e+03
-5.439592827785359987e+03
-5.439592827785359987e+03
-5.439592827785359987e+03
-5.439592827785359987e+03
-5.441299494841709929e+03
-5.441299494841709929e+03
-5.441299494841709929e+03
-5.441299494841709929e+03
-5.441140156066559939e+03
-5.441140156066559939e+03
-5.441140156066559939e+03
-5.441140156066559939e+03
-5.441140156066559939e+03
-5.441125027797879739e+03
-5.441125027797879739e+03
-5.441125027797879739e+03
-5.441125027797879739e+03
-5.441125027797879739e+03
-5.441125027797879739e+03
-5.441125027797879739e+03
-5.441125027797879739e+03
-5.441125027797879739e+03
-5.441125027797879739e+03
-5.441125027797879739e+03
-5.441125027797879739e+03
-5.441125027797879739e+03
-5.441125027797879739e+03
-5.441125027797879739e+03
-5.441125027797879739e+03
-5.441125027797879739e+03
-5.441125027797879739e+03
-5.441125027797879739e+03
-5.441125027797879739e+03
-5.441125027797879739e+03
-5.441125027797879739e+03
-5.441125027797879739e+03
-5.441125027797879739e+03
-5.441272726947299816e+03
-5.442327677214109826e+03
-5.442327677214109826e+03
-5.442327677214109826e+03
-5.442327677214109826e+03
-5.442327677214109826e+03
-5.442327677214109826e+03
-5.442327677214109826e+03
-5.442327677214109826e+03
-5.442327677214109826e+03
-5.442327677214109826e+03
-5.442327677214109826e+03
-5.442327677214109826e+03
-5.442327677214109826e+03
-5.442327677214109826e+03
-5.442327677214109826e+03
-5.442327677214109826e+03
-5.442311930098609992e+03
-5.442311930098609992e+03
-5.442311930098609992e+03
-5.442311930098609992e+03
-5.442311930098609992e+03
-5.442311930098609992e+03
-5.442311930098609992e+03
-5.442311930098609992e+03
-5.442311930098609992e+03
-5.442311930098609992e+03
-5.442311930098609992e+03
-5.442311930098609992e+03
-5.442311930098609992e+03
-5.442311930098609992e+03
-5.442311930098609992e+03
-5.442311930098609992e+03
-5.442311930098609992e+03
-5.442311930098609992e+03
-5.442311930098609992e+03
-5.442311930098609992e+03
-5.442311930098609992e+03
-5.442311930098609992e+03
-5.442311930098609992e+03
-5.442311930098609992e+03
-5.442311930098609992e+03
-5.442311930098609992e+03
-5.442311930098609992e+03
-5.442311930098609992e+03
-5.442311930098609992e+03
-5.442311930098609992e+03
-5.442311930098609992e+03
-5.442311930098609992e+03
-5.442311930098609992e+03
-5.442311930098609992e+03
-5.442311930098609992e+03
-5.442311930098609992e+03
-5.442375571304720324e+03
-5.442375571304720324e+03
-5.442375571304720324e+03
-5.442375571304720324e+03
-5.442375571304720324e+03
-5.442375571304720324e+03
-5.442375571304720324e+03
-5.442375571304720324e+03
-5.442375571304720324e+03
-5.442375571304720324e+03
-5.442375571304720324e+03
-5.442375571304720324e+03
-5.442375571304720324e+03
-5.442375571304720324e+03
-5.442375571304720324e+03
-5.442375571304720324e+03
-5.442375571304720324e+03
-5.442375571304720324e+03
-5.442375571304720324e+03
-5.442375571304720324e+03
-5.442375571304720324e+03
-5.442375571304720324e+03
-5.442375571304720324e+03
-5.442375571304720324e+03
-5.442375571304720324e+03
-5.442375571304720324e+03
-5.442375571304720324e+03
-5.442179876521199731e+03
-5.442179876521199731e+03
-5.442179876521199731e+03
-5.442179876521199731e+03
-5.442179876521199731e+03
-5.442179876521199731e+03
-5.442179876521199731e+03
-5.442179876521199731e+03
-5.442179876521199731e+03
-5.442179876521199731e+03
-5.442179876521199731e+03
-5.442179876521199731e+03
-5.442179876521199731e+03
-5.442179876521199731e+03
-5.442179876521199731e+03
-5.442179876521199731e+03
-5.442179876521199731e+03
-5.442179876521199731e+03
-5.442179876521199731e+03
-5.442484075637619753e+03
-5.442484075637619753e+03
-5.442484075637619753e+03
-5.442484075637619753e+03
-5.442484075637619753e+03
-5.442484075637619753e+03
-5.442484075637619753e+03
-5.442484075637619753e+03
-5.442484075637619753e+03
-5.442484075637619753e+03
-5.442641187386079764e+03
-5.442641187386079764e+03
-5.442641187386079764e+03
-5.442641187386079764e+03
-5.442641187386079764e+03
-5.442641187386079764e+03
-5.442641187386079764e+03
-5.442641187386079764e+03
-5.442641187386079764e+03
-5.442641187386079764e+03
-5.442641187386079764e+03
-5.442641187386079764e+03
-5.442641187386079764e+03
-5.442641187386079764e+03
-5.442641187386079764e+03
-5.442641187386079764e+03
-5.442641187386079764e+03
-5.442641187386079764e+03
-5.442641187386079764e+03
-5.442641187386079764e+03
-5.442641187386079764e+03
-5.442641187386079764e+03
-5.442641187386079764e+03
-5.442641187386079764e+03
-5.442641187386079764e+03
-5.442641187386079764e+03
-5.442641187386079764e+03
-5.442641187386079764e+03
-5.442641187386079764e+03
-5.442641187386079764e+03
-5.442641187386079764e+03
-5.442641187386079764e+03
-5.442641187386079764e+03
-5.443088491960919782e+03
-5.443088491960919782e+03
-5.443088425947749784e+03
-5.443088425947749784e+03
-5.443088425947749784e+03
-5.443088425947749784e+03
-5.443088425947749784e+03
-5.443088425947749784e+03
-5.443088425947749784e+03
-5.443088425947749784e+03
-5.443088425947749784e+03
-5.443088425947749784e+03
-5.443088425947749784e+03
-5.443287307219839931e+03
-5.443287307219839931e+03
-5.443287307219839931e+03
-5.443287307219839931e+03
-5.443287307219839931e+03
-5.443287307219839931e+03
-5.443287307219839931e+03
-5.443287307219839931e+03
-5.443287307219839931e+03
-5.443287307219839931e+03
-5.443287307219839931e+03
-5.443287307219839931e+03
-5.443287307219839931e+03
-5.443287307219839931e+03
-5.443287307219839931e+03
-5.443287307219839931e+03
-5.443287307219839931e+03
-5.443287307219839931e+03
-5.443287307219839931e+03
-5.443414189762050228e+03
-5.443414189762050228e+03
-5.443414189762050228e+03
-5.443414189762050228e+03
-5.443414189762050228e+03
-5.443414189762050228e+03
-5.443414189762050228e+03
-5.443414189762050228e+03
-5.443414189762050228e+03
-5.443414189762050228e+03
-5.443414189762050228e+03
-5.443414189762050228e+03
-5.443414189762050228e+03
-5.443414189762050228e+03
-5.443414189762050228e+03
-5.443465565716989659e+03
-5.443465565716989659e+03
-5.443465565716989659e+03
-5.443465565716989659e+03
-5.443465565716989659e+03
-5.443465565716989659e+03
-5.443465565716989659e+03
-5.443465565716989659e+03
-5.443465565716989659e+03
-5.443465565716989659e+03
-5.443465565716989659e+03
-5.443465565716989659e+03
-5.443465565716989659e+03
-5.443619306767480339e+03
-5.443619306767480339e+03
-5.443619306767480339e+03
-5.443619306767480339e+03
-5.443619306767480339e+03
-5.443619306767480339e+03
-5.443619306767480339e+03
-5.443619306767480339e+03
-5.443619306767480339e+03
-5.443619306767480339e+03
-5.443619306767480339e+03
-5.443619306767480339e+03
-5.443619306767480339e+03
-5.443619306767480339e+03
-5.443619306767480339e+03
-5.443619306767480339e+03
-5.443619306767480339e+03
-5.443619306767480339e+03
-5.443619306767480339e+03
-5.443619306767480339e+03
-5.443619306767480339e+03
-5.443619306767480339e+03
-5.443619306767480339e+03
-5.443619306767480339e+03
-5.443619306767480339e+03
-5.443619306767480339e+03
-5.443619306767480339e+03
-5.443619306767480339e+03
-5.443619306767480339e+03
-5.443619306767480339e+03
-5.443619306767480339e+03
-5.443619306767480339e+03
-5.443619306767480339e+03
-5.443619306767480339e+03
-5.443619306767480339e+03
-5.443619306767480339e+03
-5.443619306767480339e+03
-5.443619306767480339e+03
-5.443619306767480339e+03
-5.443619306767480339e+03
-5.443619306767480339e+03
-5.443619306767480339e+03
-5.443619306767480339e+03
-5.443619306767480339e+03
-5.443619306767480339e+03
-5.443619306767480339e+03
-5.444059269504030453e+03
-5.444059269504030453e+03
-5.444059269504030453e+03
-5.444059269504030453e+03
-5.444059269504030453e+03
-5.444059269504030453e+03
-5.444059269504030453e+03
-5.444059269504030453e+03
-5.444059269504030453e+03
-5.444050604208559889e+03
-5.444050604208559889e+03
-5.444050604208559889e+03
-5.444050604208559889e+03
-5.444050604208559889e+03
-5.444050604208559889e+03
-5.444050604208559889e+03
-5.444050604208559889e+03
-5.444050604208559889e+03
-5.444050604208559889e+03
-5.444050604208559889e+03
-5.444287870104470130e+03
-5.444287870104470130e+03
-5.444287870104470130e+03
-5.444287870104470130e+03
-5.444287870104470130e+03
-5.444287870104470130e+03
-5.444287870104470130e+03
-5.444287870104470130e+03
-5.444287870104470130e+03
-5.444218961111369936e+03
-5.444218961111369936e+03
-5.444497671445479682e+03
-5.444497671445479682e+03
-5.444497671445479682e+03
-5.444811279645689865e+03
-5.444811279645689865e+03
-5.444811279645689865e+03
-5.445029128675329957e+03
-5.445029128675329957e+03
-5.445029128675329957e+03
-5.445029128675329957e+03
-5.445029128675329957e+03
-5.445029128675329957e+03
-5.445029128675329957e+03
-5.445029128675329957e+03
-5.445029128675329957e+03
-5.445029128675329957e+03
-5.445029128675329957e+03
-5.445029128675329957e+03
-5.445029128675329957e+03
-5.445029128675329957e+03
-5.445029128675329957e+03
-5.445029128675329957e+03
-5.445029128675329957e+03
-5.445029128675329957e+03
-5.445029128675329957e+03
-5.445029128675329957e+03
-5.445029128675329957e+03
-5.445029128675329957e+03
-5.445029128675329957e+03
-5.445029128675329957e+03
-5.445029128675329957e+03
-5.445029128675329957e+03
-5.445029128675329957e+03
-5.445029128675329957e+03
-5.445029128675329957e+03
-5.445029128675329957e+03
-5.445029128675329957e+03
-5.445029128675329957e+03
-5.444948770878309915e+03
-5.444948770878309915e+03
-5.444948770878309915e+03
-5.444948770878309915e+03
-5.444948770878309915e+03
-5.444948770878309915e+03
-5.444948770878309915e+03
-5.444948770878309915e+03
-5.444948770878309915e+03
-5.444948770878309915e+03
-5.445387175347400444e+03
-5.445387175347400444e+03
-5.445387175347400444e+03
-5.445335584525710146e+03
-5.445335584525710146e+03
-5.445335584525710146e+03
-5.445335584525710146e+03
-5.445335584525710146e+03
-5.445258755768480114e+03
-5.445258755768480114e+03
-5.445258755768480114e+03
-5.445258755768480114e+03
-5.445258755768480114e+03
-5.445258755768480114e+03
-5.445258755768480114e+03
-5.445258755768480114e+03
-5.445258755768480114e+03
-5.445258755768480114e+03
-5.445258755768480114e+03
-5.445258755768480114e+03
-5.445258755768480114e+03
-5.445258755768480114e+03
-5.445258755768480114e+03
-5.445258755768480114e+03
-5.445258755768480114e+03
-5.445220507004860337e+03
-5.445194318963919613e+03
-5.445194318963919613e+03
-5.445194318963919613e+03
-5.445194318963919613e+03
-5.445194318963919613e+03
-5.445194318963919613e+03
-5.445194318963919613e+03
-5.445194318963919613e+03
-5.445194318963919613e+03
-5.445194318963919613e+03
-5.445238072211560393e+03
-5.445951681930239829e+03
-5.445951681930239829e+03
-5.445951681930239829e+03
-5.445951681930239829e+03
-5.446096709019469927e+03
-5.446096709019469927e+03
-5.446096709019469927e+03
-5.446096709019469927e+03
-5.446096709019469927e+03
-5.446096709019469927e+03
-5.446096709019469927e+03
-5.446096709019469927e+03
-5.446096709019469927e+03
-5.447111161531560356e+03
-5.447111161531560356e+03
-5.447111161531560356e+03
-5.447111161531560356e+03
-5.447111161531560356e+03
-5.447111161531560356e+03
-5.447111161531560356e+03
-5.447111161531560356e+03
-5.447111161531560356e+03
-5.447111161531560356e+03
-5.447111161531560356e+03
-5.447111161531560356e+03
-5.447111161531560356e+03
-5.447111161531560356e+03
-5.447111161531560356e+03
-5.447111161531560356e+03
-5.447111161531560356e+03
-5.447111161531560356e+03
-5.447111161531560356e+03
-5.447111161531560356e+03
-5.447111161531560356e+03
-5.447111161531560356e+03
-5.447111161531560356e+03
-5.447111161531560356e+03
-5.447111161531560356e+03
-5.447111161531560356e+03
-5.447111161531560356e+03
-5.447111161531560356e+03
-5.447111161531560356e+03
-5.447111161531560356e+03
-5.447111161531560356e+03
-5.447111161531560356e+03
-5.447111161531560356e+03
-5.447111161531560356e+03
-5.447111161531560356e+03
-5.447111161531560356e+03
-5.447111161531560356e+03
-5.447111161531560356e+03
-5.447111161531560356e+03
-5.446927643391270067e+03
-5.446927643391270067e+03
-5.446927643391270067e+03
-5.446927643391270067e+03
-5.446927643391270067e+03
-5.446927643391270067e+03
-5.446927643391270067e+03
-5.446927643391270067e+03
-5.446927643391270067e+03
-5.446927643391270067e+03
-5.446927643391270067e+03
-5.446927643391270067e+03
-5.446927643391270067e+03
-5.446927643391270067e+03
-5.446927643391270067e+03
-5.446927643391270067e+03
-5.446927643391270067e+03
-5.446927643391270067e+03
-5.446927643391270067e+03
-5.446927643391270067e+03
-5.446927643391270067e+03
-5.446927643391270067e+03
-5.446927643391270067e+03
-5.446927643391270067e+03
-5.446927643391270067e+03
-5.446927643391270067e+03
-5.446927643391270067e+03
-5.446927643391270067e+03
-5.446927643391270067e+03
-5.446927643391270067e+03
-5.446927643391270067e+03
-5.446927643391270067e+03
-5.446927643391270067e+03
-5.446927643391270067e+03
-5.446927643391270067e+03
-5.446927643391270067e+03
-5.446927643391270067e+03
-5.446927643391270067e+03
-5.446927643391270067e+03
-5.446927643391270067e+03
-5.446927643391270067e+03
-5.446927643391270067e+03
-5.446927643391270067e+03
-5.446927643391270067e+03
-5.446927643391270067e+03
-5.446927643391270067e+03
-5.446927643391270067e+03
-5.446927643391270067e+03
-5.446927643391270067e+03
-5.447023958980749740e+03
-5.447023958980749740e+03
-5.447023958980749740e+03
-5.447023958980749740e+03
-5.447023958980749740e+03
-5.447023958980749740e+03
-5.447023958980749740e+03
-5.447023958980749740e+03
-5.447508590367259785e+03
-5.447508590367259785e+03
-5.447508590367259785e+03
-5.447508590367259785e+03
-5.447508590367259785e+03
-5.447508590367259785e+03
-5.447508590367259785e+03
-5.447508590367259785e+03
-5.447508590367259785e+03
-5.447508590367259785e+03
-5.447508590367259785e+03
-5.447508590367259785e+03
-5.447508590367259785e+03
-5.447508590367259785e+03
-5.447508590367259785e+03
-5.447508590367259785e+03
-5.447508590367259785e+03
-5.447508590367259785e+03
-5.447508590367259785e+03
-5.447508590367259785e+03
-5.447508590367259785e+03
-5.447508590367259785e+03
-5.447508590367259785e+03
-5.447508590367259785e+03
-5.447508590367259785e+03
-5.447508590367259785e+03
-5.447508590367259785e+03
-5.447508590367259785e+03
-5.447508590367259785e+03
-5.447508590367259785e+03
-5.447508590367259785e+03
-5.447508590367259785e+03
-5.447508590367259785e+03
-5.447508590367259785e+03
-5.447508590367259785e+03
-5.447508590367259785e+03
-5.447508590367259785e+03
-5.447508590367259785e+03
-5.447508590367259785e+03
-5.447508590367259785e+03
-5.447508590367259785e+03
-5.447508590367259785e+03
-5.447508590367259785e+03
-5.447508590367259785e+03
-5.447508590367259785e+03
-5.447508590367259785e+03
-5.447508590367259785e+03
-5.447508590367259785e+03
-5.447508590367259785e+03
-5.447508590367259785e+03
-5.447508590367259785e+03
-5.447508590367259785e+03
-5.447508590367259785e+03
-5.447508590367259785e+03
-5.447508590367259785e+03
-5.447508590367259785e+03
-5.447508590367259785e+03
-5.447508590367259785e+03
-5.447508590367259785e+03
-5.447508590367259785e+03
-5.447508590367259785e+03
-5.447508590367259785e+03
-5.447508590367259785e+03
-5.447508590367259785e+03
-5.447508590367259785e+03
-5.447508590367259785e+03
-5.447508590367259785e+03
-5.447508590367259785e+03
-5.447508590367259785e+03
-5.447508590367259785e+03
-5.447508590367259785e+03
-5.447508590367259785e+03
-5.447508590367259785e+03
-5.447508590367259785e+03
-5.447508590367259785e+03
-5.447508590367259785e+03
-5.447508590367259785e+03
-5.447508590367259785e+03
-5.447508590367259785e+03
-5.447508590367259785e+03
-5.447508590367259785e+03
-5.447508590367259785e+03
-5.447508590367259785e+03
-5.447508590367259785e+03
-5.447508590367259785e+03
-5.447508590367259785e+03
-5.447572890957129857e+03
-5.447572890957129857e+03
-5.447572890957129857e+03
-5.447572890957129857e+03
-5.447572890957129857e+03
-5.447572890957129857e+03
-5.447572890957129857e+03
-5.447572890957129857e+03
-5.447572890957129857e+03
-5.447572890957129857e+03
-5.447572890957129857e+03
-5.447572890957129857e+03
-5.447572890957129857e+03
-5.447572890957129857e+03
-5.447572890957129857e+03
-5.447572890957129857e+03
-5.447572890957129857e+03
-5.447572890957129857e+03
-5.447572890957129857e+03
-5.447572890957129857e+03
-5.447572890957129857e+03
-5.447572890957129857e+03
-5.447572890957129857e+03
-5.447572890957129857e+03
-5.447572890957129857e+03
-5.447572890957129857e+03
-5.447572890957129857e+03
-5.447572890957129857e+03
-5.447572890957129857e+03
-5.447572890957129857e+03
-5.447572890957129857e+03
-5.447572890957129857e+03
-5.447572890957129857e+03
-5.447676315761619662e+03
-5.447676315761619662e+03
-5.447676315761619662e+03
-5.447676315761619662e+03
-5.447676315761619662e+03
-5.447676315761619662e+03
-5.447676315761619662e+03
-5.447676315761619662e+03
-5.447676315761619662e+03
-5.447953037065820354e+03
-5.447953037065820354e+03
-5.447953037065820354e+03
-5.447953037065820354e+03
-5.447953037065820354e+03
-5.447953037065820354e+03
-5.447953037065820354e+03
-5.447953037065820354e+03
-5.447953037065820354e+03
-5.447953037065820354e+03
-5.447953037065820354e+03
-5.447953037065820354e+03
-5.447953037065820354e+03
-5.447953037065820354e+03
-5.447953037065820354e+03
-5.447891851038089953e+03
-5.447972122149970346e+03
-5.447972122149970346e+03
-5.447972122149970346e+03
-5.447972122149970346e+03
-5.447972122149970346e+03
-5.447972122149970346e+03
-5.447924244482290305e+03
-5.447924244482290305e+03
-5.447924244482290305e+03
-5.447924244482290305e+03
-5.447924244482290305e+03
-5.447924244482290305e+03
-5.447797795188589589e+03
-5.447797795188589589e+03
-5.447797795188589589e+03
-5.447797795188589589e+03
-5.447797795188589589e+03
-5.447797795188589589e+03
-5.447797795188589589e+03
-5.447797795188589589e+03
-5.447797795188589589e+03
-5.447797795188589589e+03
-5.447797795188589589e+03
-5.447797795188589589e+03
-5.447797795188589589e+03
-5.447797795188589589e+03
-5.447571504685290165e+03
-5.447571504685290165e+03
-5.447571504685290165e+03
-5.447741903617090429e+03
-5.447741903617090429e+03
-5.447741903617090429e+03
-5.447741903617090429e+03
-5.447741903617090429e+03
-5.447741903617090429e+03
-5.447806804528619978e+03
-5.447806804528619978e+03
-5.447806804528619978e+03
-5.447611377232299674e+03
-5.447611377232299674e+03
-5.447611377232299674e+03
-5.447611377232299674e+03
-5.447540522451579818e+03
-5.447540522451579818e+03
-5.447540522451579818e+03
-5.447540522451579818e+03
-5.447540522451579818e+03
-5.447540522451579818e+03
-5.447524275691290313e+03
-5.447524275691290313e+03
-5.447524275691290313e+03
-5.447524275691290313e+03
-5.447524275691290313e+03
-5.447524275691290313e+03
-5.447524275691290313e+03
-5.447524275691290313e+03
-5.447524275691290313e+03
-5.447524275691290313e+03
-5.447524275691290313e+03
-5.447524275691290313e+03
-5.447524275691290313e+03
-5.447524275691290313e+03
-5.447524275691290313e+03
-5.447524275691290313e+03
-5.447524275691290313e+03
-5.447524275691290313e+03
-5.447524275691290313e+03
-5.447524275691290313e+03
-5.447524275691290313e+03
-5.447524275691290313e+03
-5.447524275691290313e+03
-5.447524275691290313e+03
-5.447524275691290313e+03
-5.447524275691290313e+03
-5.447524275691290313e+03
-5.447524275691290313e+03
-5.447524275691290313e+03
-5.447524275691290313e+03
-5.447524275691290313e+03
-5.447524275691290313e+03
-5.447743565998230224e+03
-5.447743565998230224e+03
-5.447743565998230224e+03
-5.447743565998230224e+03
-5.447743565998230224e+03
-5.447743565998230224e+03
-5.447743565998230224e+03
-5.447743565998230224e+03
-5.447743565998230224e+03
-5.447743565998230224e+03
-5.447743565998230224e+03
-5.447743565998230224e+03
-5.447743565998230224e+03
-5.447743565998230224e+03
-5.447743565998230224e+03
-5.447734698248130371e+03
-5.447734698248130371e+03
-5.447734698248130371e+03
-5.447734698248130371e+03
-5.447734698248130371e+03
-5.447734698248130371e+03
-5.447734698248130371e+03
-5.447734698248130371e+03
-5.447734698248130371e+03
-5.447734698248130371e+03
-5.447734698248130371e+03
-5.447734698248130371e+03
-5.447734698248130371e+03
-5.447734698248130371e+03
-5.447458562765959869e+03
-5.447458562765959869e+03
-5.447458562765959869e+03
-5.447458562765959869e+03
-5.447458562765959869e+03
-5.447458562765959869e+03
-5.447458562765959869e+03
-5.447458562765959869e+03
-5.447458562765959869e+03
-5.447458562765959869e+03
-5.447458562765959869e+03
-5.447458562765959869e+03
-5.447458562765959869e+03
-5.447458562765959869e+03
-5.447545896444969912e+03
-5.447545896444969912e+03
-5.447545896444969912e+03
-5.447545896444969912e+03
-5.447545896444969912e+03
-5.447545896444969912e+03
-5.447545896444969912e+03
-5.447545896444969912e+03
-5.447545896444969912e+03
-5.447545896444969912e+03
-5.447545896444969912e+03
-5.447545896444969912e+03
-5.447545896444969912e+03
-5.447545896444969912e+03
-5.447545896444969912e+03
-5.447545896444969912e+03
-5.447545896444969912e+03
-5.447545896444969912e+03
-5.447509367992390253e+03
-5.447509367992390253e+03
-5.447509367992390253e+03
-5.447509367992390253e+03
-5.447509367992390253e+03
-5.447509367992390253e+03
-5.447509367992390253e+03
-5.447509367992390253e+03
-5.447509367992390253e+03
-5.447179803405409984e+03
-5.447179803405409984e+03
-5.447179803405409984e+03
-5.447179803405409984e+03
-5.447179803405409984e+03
-5.447230756968229798e+03
-5.447230756968229798e+03
-5.447230756968229798e+03
-5.447267964560969631e+03
-5.447267964560969631e+03
-5.447095505476770086e+03
-5.447095505476770086e+03
-5.447152644822829643e+03
-5.447152644822829643e+03
-5.447152644822829643e+03
-5.447152644822829643e+03
-5.447152644822829643e+03
-5.447152644822829643e+03
-5.447122436541289972e+03
-5.447122436541289972e+03
-5.447122436541289972e+03
-5.447122436541289972e+03
-5.447122436541289972e+03
-5.447122436541289972e+03
-5.447122436541289972e+03
-5.447122436541289972e+03
-5.447321849479239972e+03
-5.447321849479239972e+03
-5.447321849479239972e+03
-5.447321849479239972e+03
-5.447321849479239972e+03
-5.447321849479239972e+03
-5.447321849479239972e+03
-5.447321849479239972e+03
-5.447321849479239972e+03
-5.447321849479239972e+03
-5.447321849479239972e+03
-5.447321849479239972e+03
-5.447321849479239972e+03
-5.447129050463389831e+03
-5.447129050463389831e+03
-5.447129050463389831e+03
-5.447129050463389831e+03
-5.447129050463389831e+03
-5.447129050463389831e+03
-5.447129050463389831e+03
-5.447129050463389831e+03
-5.447129050463389831e+03
-5.447129050463389831e+03
-5.447129050463389831e+03
-5.447129050463389831e+03
-5.447129050463389831e+03
-5.447129050463389831e+03
-5.447129050463389831e+03
-5.447129050463389831e+03
-5.447129050463389831e+03
-5.447129050463389831e+03
-5.447129050463389831e+03
-5.447129050463389831e+03
-5.447129050463389831e+03
-5.447129050463389831e+03
-5.447475911252950027e+03
-5.447475911252950027e+03
-5.447475911252950027e+03
-5.447475911252950027e+03
-5.447475911252950027e+03
-5.447475911252950027e+03
-5.447475911252950027e+03
-5.447475911252950027e+03
-5.447475911252950027e+03
-5.447475911252950027e+03
-5.447475911252950027e+03
-5.447475911252950027e+03
-5.447475911252950027e+03
-5.447475911252950027e+03
-5.447004150271840444e+03
-5.447004150271840444e+03
-5.447004150271840444e+03
-5.447004150271840444e+03
-5.447004150271840444e+03
-5.447004150271840444e+03
-5.447004150271840444e+03
-5.447004150271840444e+03
-5.447004150271840444e+03
-5.447004150271840444e+03
-5.447004150271840444e+03
-5.447295138354759729e+03
-5.447295138354759729e+03
-5.447295138354759729e+03
-5.447295138354759729e+03
-5.447295138354759729e+03
-5.447295138354759729e+03
-5.447295138354759729e+03
-5.447295138354759729e+03
-5.447295138354759729e+03
-5.447295138354759729e+03
-5.447295138354759729e+03
-5.447295138354759729e+03
-5.447295138354759729e+03
-5.447295138354759729e+03
-5.447295138354759729e+03
-5.447295138354759729e+03
-5.447295138354759729e+03
-5.447295138354759729e+03
-5.447295138354759729e+03
-5.447295138354759729e+03
-5.447295138354759729e+03
-5.447295138354759729e+03
-5.447507841400350117e+03
-5.447507841400350117e+03
-5.447507841400350117e+03
-5.447507841400350117e+03
-5.447507841400350117e+03
-5.447507841400350117e+03
-5.447507841400350117e+03
-5.447507841400350117e+03
-5.447507841400350117e+03
-5.447507841400350117e+03
-5.447507841400350117e+03
-5.447507841400350117e+03
-5.447507841400350117e+03
-5.447507841400350117e+03
-5.447507841400350117e+03
-5.447507841400350117e+03
-5.447507841400350117e+03
-5.447507841400350117e+03
-5.447507841400350117e+03
-5.447507841400350117e+03
-5.447507841400350117e+03
-5.447507841400350117e+03
-5.447507841400350117e+03
-5.447507841400350117e+03
-5.447507841400350117e+03
-5.447507841400350117e+03
-5.447507841400350117e+03
-5.447974844530240262e+03
-5.447974844530240262e+03
-5.447974920292799652e+03
-5.447974920292799652e+03
-5.447974920292799652e+03
-5.447974920292799652e+03
-5.447974920292799652e+03
-5.447974920292799652e+03
-5.447974920292799652e+03
-5.447974920292799652e+03
-5.447974920292799652e+03
-5.447974920292799652e+03
-5.447974920292799652e+03
-5.447974920292799652e+03
-5.447974920292799652e+03
-5.447880125262339789e+03
-5.447880125262339789e+03
-5.447818896792409760e+03
-5.447818896792409760e+03
-5.447818896792409760e+03
-5.447818896792409760e+03
-5.447818896792409760e+03
-5.447818896792409760e+03
-5.447818896792409760e+03
-5.447818896792409760e+03
-5.447818896792409760e+03
-5.447818896792409760e+03
-5.447818896792409760e+03
-5.447818896792409760e+03
-5.447818896792409760e+03
-5.447818896792409760e+03
-5.447818896792409760e+03
-5.447818896792409760e+03
-5.447818896792409760e+03
-5.447818896792409760e+03
-5.447818896792409760e+03
-5.447818896792409760e+03
-5.447818896792409760e+03
-5.447818896792409760e+03
-5.447818896792409760e+03
-5.447818896792409760e+03
-5.447818896792409760e+03
-5.447818896792409760e+03
-5.447818896792409760e+03
-5.447885331168099583e+03
-5.447885331168099583e+03
-5.447885331168099583e+03
-5.447885331168099583e+03
-5.447885331168099583e+03
-5.447885331168099583e+03
-5.447885331168099583e+03
-5.447885331168099583e+03
-5.447885331168099583e+03
-5.448420694149060182e+03
-5.448420694149060182e+03
-5.448420694149060182e+03
-5.448392088444439651e+03
-5.448392088444439651e+03
-5.448392088444439651e+03
-5.448392088444439651e+03
-5.448392088444439651e+03
-5.448392088444439651e+03
-5.448392088444439651e+03
-5.448392088444439651e+03
-5.448392088444439651e+03
-5.448392088444439651e+03
-5.448392088444439651e+03
-5.448392088444439651e+03
-5.448392088444439651e+03
-5.448174704800730069e+03
-5.448174704800730069e+03
-5.448174704800730069e+03
-5.448174704800730069e+03
-5.448174704800730069e+03
-5.448174704800730069e+03
-5.448174704800730069e+03
-5.448174704800730069e+03
-5.448174704800730069e+03
-5.448174704800730069e+03
-5.448174704800730069e+03
-5.448174704800730069e+03
-5.448174704800730069e+03
-5.448174704800730069e+03
-5.448174704800730069e+03
-5.448174704800730069e+03
-5.448174704800730069e+03
-5.448174704800730069e+03
-5.448174704800730069e+03
-5.448174704800730069e+03
-5.448174704800730069e+03
-5.448174704800730069e+03
-5.448174704800730069e+03
-5.448174704800730069e+03
-5.448174704800730069e+03
-5.448248117159269896e+03
-5.448248117159269896e+03
-5.448248117159269896e+03
-5.448248117159269896e+03
-5.448248117159269896e+03
-5.448248117159269896e+03
-5.448248117159269896e+03
-5.448248117159269896e+03
-5.448248117159269896e+03
-5.448248117159269896e+03
-5.448248117159269896e+03
-5.448025307389149930e+03
-5.448025307389149930e+03
-5.448025307389149930e+03
-5.448025307389149930e+03
-5.448025307389149930e+03
-5.448025307389149930e+03
-5.448025307389149930e+03
-5.448025307389149930e+03
-5.448025307389149930e+03
-5.448025307389149930e+03
-5.448014181261990416e+03
-5.448014181261990416e+03
-5.448014181261990416e+03
-5.447810657373590402e+03
-5.447810657373590402e+03
-5.447810657373590402e+03
-5.447810657373590402e+03
-5.447810657373590402e+03
-5.447810657373590402e+03
-5.447810657373590402e+03
-5.447810657373590402e+03
-5.447810657373590402e+03
-5.447810657373590402e+03
-5.447810657373590402e+03
-5.447810657373590402e+03
-5.447810657373590402e+03
-5.447810657373590402e+03
-5.447810657373590402e+03
-5.447810657373590402e+03
-5.447810657373590402e+03
-5.447810657373590402e+03
-5.447721927679220244e+03
-5.447721927679220244e+03
-5.447721927679220244e+03
-5.447721927679220244e+03
-5.447721927679220244e+03
-5.447721927679220244e+03
-5.447721927679220244e+03
-5.447855256683779771e+03
-5.447855256683779771e+03
-5.447855256683779771e+03
-5.447855256683779771e+03
-5.447855256683779771e+03
-5.447855256683779771e+03
-5.447855256683779771e+03
-5.447855256683779771e+03
-5.447698716023520319e+03
-5.447698716023520319e+03
-5.447698716023520319e+03
-5.447698716023520319e+03
-5.447698716023520319e+03
-5.447698716023520319e+03
-5.447698716023520319e+03
-5.447698716023520319e+03
-5.447698716023520319e+03
-5.448314171346870353e+03
-5.448314171346870353e+03
-5.448314171346870353e+03
-5.448314171346870353e+03
-5.448095606793440311e+03
-5.448095606793440311e+03
-5.448104252517189707e+03
-5.448104252517189707e+03
-5.448104252517189707e+03
-5.448104252517189707e+03
-5.448104252517189707e+03
-5.448104252517189707e+03
-5.448104252517189707e+03
-5.448104252517189707e+03
-5.448104252517189707e+03
-5.448104252517189707e+03
-5.448104252517189707e+03
-5.448104252517189707e+03
-5.448104252517189707e+03
-5.448104252517189707e+03
-5.448104252517189707e+03
-5.448465180286680152e+03
-5.448465180286680152e+03
-5.448465180286680152e+03
-5.448465180286680152e+03
-5.448465180286680152e+03
-5.448465180286680152e+03
-5.448465180286680152e+03
-5.448465180286680152e+03
-5.448465180286680152e+03
-5.448465180286680152e+03
-5.448465180286680152e+03
-5.448465180286680152e+03
-5.448465180286680152e+03
-5.448465180286680152e+03
-5.448465180286680152e+03
-5.448465180286680152e+03
-5.448465180286680152e+03
-5.448465180286680152e+03
-5.448465180286680152e+03
-5.448465180286680152e+03
-5.448465180286680152e+03
-5.448465180286680152e+03
-5.448465180286680152e+03
-5.448465180286680152e+03
-5.448465180286680152e+03
-5.448465180286680152e+03
-5.448465180286680152e+03
-5.448465180286680152e+03
-5.448465180286680152e+03
-5.448449967748680137e+03
-5.448449967748680137e+03
-5.448449967748680137e+03
-5.448449967748680137e+03
-5.448449967748680137e+03
-5.448449967748680137e+03
-5.448449967748680137e+03
-5.448449967748680137e+03
-5.448449967748680137e+03
-5.448449967748680137e+03
-5.448449967748680137e+03
-5.448449967748680137e+03
-5.448449967748680137e+03
-5.448449967748680137e+03
-5.448449967748680137e+03
-5.448449967748680137e+03
-5.448449967748680137e+03
-5.448449967748680137e+03
-5.448449967748680137e+03
-5.448449967748680137e+03
-5.448502080404349726e+03
-5.448502080404349726e+03
-5.448573687010340109e+03
-5.448434969934240144e+03
-5.448434969934240144e+03
-5.448434969934240144e+03
-5.448434969934240144e+03
-5.449164097392060285e+03
-5.449316316952719717e+03
-5.449316316952719717e+03
-5.449418453009039695e+03
-5.449418453009039695e+03
-5.449418453009039695e+03
-5.449418453009039695e+03
-5.449418453009039695e+03
-5.449418453009039695e+03
-5.449418453009039695e+03
-5.449418453009039695e+03
-5.449418453009039695e+03
-5.449418453009039695e+03
-5.449418453009039695e+03
-5.449418453009039695e+03
-5.449418453009039695e+03
-5.449418453009039695e+03
-5.449418453009039695e+03
-5.449418453009039695e+03
-5.449418453009039695e+03
-5.449418453009039695e+03
-5.449418453009039695e+03
-5.449418453009039695e+03
-5.449418453009039695e+03
-5.449418453009039695e+03
-5.449418453009039695e+03
-5.449418453009039695e+03
-5.449418453009039695e+03
-5.449418453009039695e+03
-5.449418453009039695e+03
-5.449418453009039695e+03
-5.449418453009039695e+03
-5.449418453009039695e+03
-5.449418453009039695e+03
-5.449418453009039695e+03
-5.449418453009039695e+03
-5.449418453009039695e+03
-5.449418453009039695e+03
-5.449418453009039695e+03
-5.449418453009039695e+03
-5.449418453009039695e+03
-5.449418453009039695e+03
-5.449418453009039695e+03
-5.449418453009039695e+03
-5.449418453009039695e+03
-5.449418453009039695e+03
-5.449418453009039695e+03
-5.449751316375900387e+03
-5.449751316375900387e+03
-5.449751316375900387e+03
-5.449751316375900387e+03
-5.449751316375900387e+03
-5.449751316375900387e+03
-5.449751316375900387e+03
-5.449751316375900387e+03
-5.449751316375900387e+03
-5.449751316375900387e+03
-5.449876876662179711e+03
-5.449876876662179711e+03
-5.450035360160870368e+03
-5.450035360160870368e+03
-5.450035360160870368e+03
-5.450035360160870368e+03
-5.450035360160870368e+03
-5.450035360160870368e+03
-5.450035360160870368e+03
-5.450035360160870368e+03
-5.450035360160870368e+03
-5.450035360160870368e+03
-5.450035360160870368e+03
-5.450035360160870368e+03
-5.450035360160870368e+03
-5.450035360160870368e+03
-5.450035360160870368e+03
-5.450035360160870368e+03
-5.450035360160870368e+03
-5.450035360160870368e+03
-5.450035360160870368e+03
-5.450035360160870368e+03
-5.450035360160870368e+03
-5.450035360160870368e+03
-5.450035360160870368e+03
-5.450035360160870368e+03
-5.450035360160870368e+03
-5.450035360160870368e+03
-5.450035360160870368e+03
-5.450035360160870368e+03
-5.450035360160870368e+03
-5.450035360160870368e+03
-5.450035360160870368e+03
-5.450035360160870368e+03
-5.450035360160870368e+03
-5.450035360160870368e+03
-5.450035360160870368e+03
-5.450035360160870368e+03
-5.450035360160870368e+03
-5.450035360160870368e+03
-5.450035360160870368e+03
-5.450035360160870368e+03
-5.450035360160870368e+03
-5.450035360160870368e+03
-5.450035360160870368e+03
-5.450035360160870368e+03
-5.450035360160870368e+03
-5.450035360160870368e+03
-5.450035360160870368e+03
-5.449867471079270217e+03
-5.449867471079270217e+03
-5.449867471079270217e+03
-5.449867471079270217e+03
-5.449867471079270217e+03
-5.449867471079270217e+03
-5.449867471079270217e+03
-5.449867471079270217e+03
-5.449867471079270217e+03
-5.449867471079270217e+03
-5.449867471079270217e+03
-5.449867471079270217e+03
-5.449867471079270217e+03
-5.449867471079270217e+03
-5.449867471079270217e+03
-5.449867471079270217e+03
-5.449867471079270217e+03
-5.450262362044280053e+03
-5.450262362044280053e+03
-5.450262362044280053e+03
-5.450262362044280053e+03
-5.450262362044280053e+03
-5.450262362044280053e+03
-5.450262362044280053e+03
-5.450262362044280053e+03
-5.450262362044280053e+03
-5.450262362044280053e+03
-5.450262362044280053e+03
-5.450262362044280053e+03
-5.450262362044280053e+03
-5.450262362044280053e+03
-5.450262362044280053e+03
-5.450262362044280053e+03
-5.450262362044280053e+03
-5.450262362044280053e+03
-5.450262362044280053e+03
-5.450262362044280053e+03
-5.450262362044280053e+03
-5.450262362044280053e+03
-5.450262362044280053e+03
-5.450262362044280053e+03
-5.450262362044280053e+03
-5.450262362044280053e+03
-5.450262362044280053e+03
-5.450262362044280053e+03
-5.450262362044280053e+03
-5.450262362044280053e+03
-5.450262362044280053e+03
-5.450186132578600336e+03
-5.450186132578600336e+03
-5.450186132578600336e+03
-5.450186132578600336e+03
-5.450186132578600336e+03
-5.450186132578600336e+03
-5.450186132578600336e+03
-5.450186132578600336e+03
-5.450186132578600336e+03
-5.450186132578600336e+03
-5.450186132578600336e+03
-5.450186132578600336e+03
-5.450186132578600336e+03
-5.450186132578600336e+03
-5.450186132578600336e+03
-5.450186132578600336e+03
-5.450186132578600336e+03
-5.450186132578600336e+03
-5.450186132578600336e+03
-5.450186132578600336e+03
-5.450186132578600336e+03
-5.450186132578600336e+03
-5.450186132578600336e+03
-5.450186132578600336e+03
-5.450186132578600336e+03
-5.450186132578600336e+03
-5.450186132578600336e+03
-5.450186132578600336e+03
-5.450186132578600336e+03
-5.450186132578600336e+03
-5.450186132578600336e+03
-5.450186132578600336e+03
-5.450186132578600336e+03
-5.450186132578600336e+03
-5.450186132578600336e+03
-5.450186132578600336e+03
-5.450186132578600336e+03
-5.450186132578600336e+03
-5.450186132578600336e+03
-5.450186132578600336e+03
-5.450186132578600336e+03
-5.450186132578600336e+03
-5.450186132578600336e+03
-5.450186132578600336e+03
-5.450186132578600336e+03
-5.450186132578600336e+03
-5.450186132578600336e+03
-5.450186132578600336e+03
-5.450186132578600336e+03
-5.450186132578600336e+03
-5.450186132578600336e+03
-5.450186132578600336e+03
-5.450186132578600336e+03
-5.450186132578600336e+03
-5.450186132578600336e+03
-5.450186132578600336e+03
-5.450186132578600336e+03
-5.450186132578600336e+03
-5.450186132578600336e+03
-5.450186132578600336e+03
-5.450186132578600336e+03
-5.449802507180859720e+03
-5.449802507180859720e+03
-5.449802507180859720e+03
-5.449802507180859720e+03
-5.449802507180859720e+03
-5.449802507180859720e+03
-5.449802507180859720e+03
-5.449802507180859720e+03
-5.449802507180859720e+03
-5.449802507180859720e+03
-5.449802507180859720e+03
-5.449802507180859720e+03
-5.449802507180859720e+03
-5.449802507180859720e+03
-5.449802507180859720e+03
-5.449802507180859720e+03
-5.449802507180859720e+03
-5.449732574530509737e+03
-5.449732574530509737e+03
-5.449732574530509737e+03
-5.449732574530509737e+03
-5.449732574530509737e+03
-5.449732574530509737e+03
-5.449732574530509737e+03
-5.449732574530509737e+03
-5.449732574530509737e+03
-5.449732574530509737e+03
-5.449732574530509737e+03
-5.449732574530509737e+03
-5.449732574530509737e+03
-5.449732574530509737e+03
-5.449732574530509737e+03
-5.449732574530509737e+03
-5.449732574530509737e+03
-5.449548461378630236e+03
-5.449548461378630236e+03
-5.449548461378630236e+03
-5.449548461378630236e+03
-5.449548461378630236e+03
-5.449548461378630236e+03
-5.449548461378630236e+03
-5.449548461378630236e+03
-5.449548461378630236e+03
-5.449548461378630236e+03
-5.449548461378630236e+03
-5.449548461378630236e+03
-5.449548461378630236e+03
-5.449548461378630236e+03
-5.449548461378630236e+03
-5.449548461378630236e+03
-5.449548461378630236e+03
-5.449548461378630236e+03
-5.449548461378630236e+03
-5.449753591017730287e+03
-5.449753591017730287e+03
-5.449753591017730287e+03
-5.449753591017730287e+03
-5.449753591017730287e+03
-5.449753591017730287e+03
-5.450155436748240390e+03
-5.450155436748240390e+03
-5.450155436748240390e+03
-5.450155436748240390e+03
-5.450155436748240390e+03
-5.450155436748240390e+03
-5.450155436748240390e+03
-5.450155436748240390e+03
-5.450155436748240390e+03
-5.450155436748240390e+03
-5.450155436748240390e+03
-5.450155436748240390e+03
-5.450155436748240390e+03
-5.450155436748240390e+03
-5.450155436748240390e+03
-5.450155436748240390e+03
-5.450155436748240390e+03
-5.450155436748240390e+03
-5.450589129186480022e+03
-5.450589129186480022e+03
-5.450589129186480022e+03
-5.450589129186480022e+03
-5.450589129186480022e+03
-5.450589129186480022e+03
-5.450589129186480022e+03
-5.450589129186480022e+03
-5.450589129186480022e+03
-5.450589129186480022e+03
-5.450589129186480022e+03
-5.450589129186480022e+03
-5.450589129186480022e+03
-5.450589129186480022e+03
-5.450589129186480022e+03
-5.450589129186480022e+03
-5.450589129186480022e+03
-5.450589129186480022e+03
-5.450589129186480022e+03
-5.450589129186480022e+03
-5.450589129186480022e+03
-5.450589129186480022e+03
-5.450589129186480022e+03
-5.450589129186480022e+03
-5.450589129186480022e+03
-5.450589129186480022e+03
-5.450589129186480022e+03
-5.450589129186480022e+03
-5.450589129186480022e+03
-5.450589129186480022e+03
-5.450589129186480022e+03
-5.450589129186480022e+03
-5.450589129186480022e+03
-5.450589129186480022e+03
-5.450583826131660317e+03
-5.450583826131660317e+03
-5.450583826131660317e+03
-5.450583826131660317e+03
-5.450583826131660317e+03
-5.450583826131660317e+03
-5.450583826131660317e+03
-5.450583826131660317e+03
-5.450586124315989764e+03
-5.450586124315989764e+03
-5.450586124315989764e+03
-5.450586124315989764e+03
-5.451660409243219874e+03
-5.451660409243219874e+03
-5.451660409243219874e+03
-5.451660409243219874e+03
-5.451660409243219874e+03
-5.451660409243219874e+03
-5.451660409243219874e+03
-5.451694189771669699e+03
-5.451694189771669699e+03
-5.451694189771669699e+03
-5.451790988437560372e+03
-5.451790988437560372e+03
-5.451790988437560372e+03
-5.451790988437560372e+03
-5.451790988437560372e+03
-5.451790988437560372e+03
-5.451790988437560372e+03
-5.451790988437560372e+03
-5.451790988437560372e+03
-5.451790988437560372e+03
-5.451790988437560372e+03
-5.451790988437560372e+03
-5.451790988437560372e+03
-5.451790988437560372e+03
-5.451790988437560372e+03
-5.451790988437560372e+03
-5.451790988437560372e+03
-5.451790988437560372e+03
-5.451790988437560372e+03
-5.451790988437560372e+03
-5.451826429670079960e+03
-5.451826429670079960e+03
-5.451826429670079960e+03
-5.451826429670079960e+03
-5.451826429670079960e+03
-5.451826429670079960e+03
-5.451826429670079960e+03
-5.451826429670079960e+03
-5.451826429670079960e+03
-5.451826429670079960e+03
-5.451826429670079960e+03
-5.451826429670079960e+03
-5.451826429670079960e+03
-5.451826429670079960e+03
-5.451826429670079960e+03
-5.451826429670079960e+03
-5.451826429670079960e+03
-5.451826429670079960e+03
-5.451826429670079960e+03
-5.451826429670079960e+03
-5.451826429670079960e+03
-5.451826429670079960e+03
-5.451826429670079960e+03
-5.451826429670079960e+03
-5.451826429670079960e+03
-5.451826429670079960e+03
-5.451826429670079960e+03
-5.451826429670079960e+03
-5.451680541016739880e+03
-5.451680541016739880e+03
-5.451680541016739880e+03
-5.451680541016739880e+03
-5.451680541016739880e+03
-5.451680541016739880e+03
-5.451680541016739880e+03
-5.451680541016739880e+03
-5.451680541016739880e+03
-5.451680541016739880e+03
-5.451680541016739880e+03
-5.451680541016739880e+03
-5.451680541016739880e+03
-5.451680541016739880e+03
-5.451680541016739880e+03
-5.451680541016739880e+03
-5.451680541016739880e+03
-5.452375642700930257e+03
-5.452375642700930257e+03
-5.452375642700930257e+03
-5.452375642700930257e+03
-5.452346920864780259e+03
-5.452346920864780259e+03
-5.452346920864780259e+03
-5.452346920864780259e+03
-5.452346920864780259e+03
-5.452346920864780259e+03
-5.452346920864780259e+03
-5.452346920864780259e+03
-5.452346920864780259e+03
-5.452346920864780259e+03
-5.452346920864780259e+03
-5.452346920864780259e+03
-5.452346920864780259e+03
-5.452225133848910446e+03
-5.452225133848910446e+03
-5.452225133848910446e+03
-5.452225133848910446e+03
-5.452215640440220341e+03
-5.452215640440220341e+03
-5.452215640440220341e+03
-5.452215640440220341e+03
-5.453358172820639993e+03
-5.453358172820639993e+03
-5.453358172820639993e+03
-5.453358172820639993e+03
-5.453358172820639993e+03
-5.453358172820639993e+03
-5.453358172820639993e+03
-5.453358172820639993e+03
-5.453358172820639993e+03
-5.453358172820639993e+03
-5.453358172820639993e+03
-5.453358172820639993e+03
-5.453358172820639993e+03
-5.453358172820639993e+03
-5.453358172820639993e+03
-5.453358172820639993e+03
-5.453358172820639993e+03
-5.453358172820639993e+03
-5.453358172820639993e+03
-5.453358172820639993e+03
-5.453358172820639993e+03
-5.453358172820639993e+03
-5.453358172820639993e+03
-5.453358172820639993e+03
-5.453358172820639993e+03
-5.453358172820639993e+03
-5.453358172820639993e+03
-5.453358172820639993e+03
-5.453358172820639993e+03
-5.453358172820639993e+03
-5.453358172820639993e+03
-5.453358172820639993e+03
-5.453358172820639993e+03
-5.453358172820639993e+03
-5.453358172820639993e+03
-5.453358172820639993e+03
-5.453358172820639993e+03
-5.453358172820639993e+03
-5.453358172820639993e+03
-5.453358172820639993e+03
-5.453358172820639993e+03
-5.453358172820639993e+03
-5.453358172820639993e+03
-5.453358172820639993e+03
-5.453358172820639993e+03
-5.453358172820639993e+03
-5.453358172820639993e+03
-5.453358172820639993e+03
-5.453358172820639993e+03
-5.453358172820639993e+03
-5.453358172820639993e+03
-5.453358172820639993e+03
-5.453358172820639993e+03
-5.453358172820639993e+03
-5.453358172820639993e+03
-5.453035122230930028e+03
-5.453035122230930028e+03
-5.453084050502609898e+03
-5.453084050502609898e+03
-5.453084050502609898e+03
-5.453084050502609898e+03
-5.453685721850450136e+03
-5.453685721850450136e+03
-5.453685721850450136e+03
-5.453685721850450136e+03
-5.453685721850450136e+03
-5.453685721850450136e+03
-5.453685721850450136e+03
-5.453685721850450136e+03
-5.453685721850450136e+03
-5.453685721850450136e+03
-5.453685721850450136e+03
-5.453685721850450136e+03
-5.453685721850450136e+03
-5.453689078987299581e+03
-5.453689078987299581e+03
-5.453689078987299581e+03
-5.453689078987299581e+03
-5.453689078987299581e+03
-5.453689078987299581e+03
-5.453689078987299581e+03
-5.453689078987299581e+03
-5.453689078987299581e+03
-5.453689078987299581e+03
-5.453689078987299581e+03
-5.453689078987299581e+03
-5.453689078987299581e+03
-5.453523078133130184e+03
-5.453523078133130184e+03
-5.453523078133130184e+03
-5.453523078133130184e+03
-5.453523078133130184e+03
-5.453523078133130184e+03
-5.453523078133130184e+03
-5.453523078133130184e+03
-5.453523078133130184e+03
-5.453523078133130184e+03
-5.453523078133130184e+03
-5.454035350737390218e+03
-5.454035350737390218e+03
-5.454038182130339919e+03
-5.454038182130339919e+03
-5.454038182130339919e+03
-5.454038182130339919e+03
-5.454038182130339919e+03
-5.454038182130339919e+03
-5.454038182130339919e+03
-5.454038182130339919e+03
-5.454038182130339919e+03
-5.454038182130339919e+03
-5.454038182130339919e+03
-5.454038182130339919e+03
-5.454038182130339919e+03
-5.454038182130339919e+03
-5.454038182130339919e+03
-5.454038182130339919e+03
-5.454038182130339919e+03
-5.454038182130339919e+03
-5.454295593788229780e+03
-5.454295593788229780e+03
-5.454295593788229780e+03
-5.454295593788229780e+03
-5.454295593788229780e+03
-5.454295593788229780e+03
-5.454295593788229780e+03
-5.454295593788229780e+03
-5.454295593788229780e+03
-5.454295593788229780e+03
-5.454295593788229780e+03
-5.454295593788229780e+03
-5.454295593788229780e+03
-5.454295593788229780e+03
-5.454295593788229780e+03
-5.454295593788229780e+03
-5.454295593788229780e+03
-5.454295593788229780e+03
-5.454295593788229780e+03
-5.454295593788229780e+03
-5.454295593788229780e+03
-5.454295593788229780e+03
-5.454295593788229780e+03
-5.454295593788229780e+03
-5.454295593788229780e+03
-5.454295593788229780e+03
-5.454295593788229780e+03
-5.454295593788229780e+03
-5.454295593788229780e+03
-5.454295593788229780e+03
-5.454295593788229780e+03
-5.454295593788229780e+03
-5.454295593788229780e+03
-5.454295593788229780e+03
-5.454295593788229780e+03
-5.454295593788229780e+03
-5.454295593788229780e+03
-5.454295593788229780e+03
-5.454295593788229780e+03
-5.454295593788229780e+03
-5.454295593788229780e+03
-5.454295593788229780e+03
-5.454295593788229780e+03
-5.454295593788229780e+03
-5.454295593788229780e+03
-5.454295593788229780e+03
-5.454295593788229780e+03
-5.454295593788229780e+03
-5.454295593788229780e+03
-5.454295593788229780e+03
-5.454295593788229780e+03
-5.454295593788229780e+03
-5.454295593788229780e+03
-5.454295593788229780e+03
-5.454295593788229780e+03
-5.454295593788229780e+03
-5.454295593788229780e+03
-5.454295593788229780e+03
-5.454295593788229780e+03
-5.454295593788229780e+03
-5.454295593788229780e+03
-5.454295593788229780e+03
-5.454295593788229780e+03
-5.454295593788229780e+03
-5.454295593788229780e+03
-5.454295593788229780e+03
-5.454295593788229780e+03
-5.454295593788229780e+03
-5.454295593788229780e+03
-5.454295593788229780e+03
-5.454295593788229780e+03
-5.454295593788229780e+03
-5.454295593788229780e+03
-5.454295593788229780e+03
-5.454295593788229780e+03
-5.454295593788229780e+03
-5.454295593788229780e+03
-5.454295593788229780e+03
-5.454295593788229780e+03
-5.454295593788229780e+03
-5.454295593788229780e+03
-5.454295593788229780e+03
-5.454295593788229780e+03
-5.454295593788229780e+03
-5.454295593788229780e+03
-5.454295593788229780e+03
-5.454295593788229780e+03
-5.454295593788229780e+03
-5.454295593788229780e+03
-5.454295593788229780e+03
-5.454295593788229780e+03
-5.454295593788229780e+03
-5.454295593788229780e+03
-5.454295593788229780e+03
-5.454295593788229780e+03
-5.454295593788229780e+03
-5.454295593788229780e+03
-5.454295593788229780e+03
-5.454295593788229780e+03
-5.454295593788229780e+03
-5.454295593788229780e+03
-5.454295593788229780e+03
-5.454295593788229780e+03
-5.454295593788229780e+03
-5.454295593788229780e+03
-5.454295593788229780e+03
-5.454295593788229780e+03
-5.454295593788229780e+03
-5.454295593788229780e+03
-5.454295593788229780e+03
-5.454295593788229780e+03
-5.454295593788229780e+03
-5.454295593788229780e+03
-5.454295593788229780e+03
-5.454295593788229780e+03
-5.454295593788229780e+03
-5.454295593788229780e+03
-5.454295593788229780e+03
-5.454295593788229780e+03
-5.454295593788229780e+03
-5.454295593788229780e+03
-5.454295593788229780e+03
-5.454295593788229780e+03
-5.454295593788229780e+03
-5.454295593788229780e+03
-5.454295593788229780e+03
-5.454295593788229780e+03
-5.454295593788229780e+03
-5.454295593788229780e+03
-5.454295593788229780e+03
-5.453832466919679973e+03
-5.453832466919679973e+03
-5.453832466919679973e+03
-5.453832466919679973e+03
-5.453832466919679973e+03
-5.453832466919679973e+03
-5.453832466919679973e+03
-5.453832466919679973e+03
-5.453832466919679973e+03
-5.453832466919679973e+03
-5.453832466919679973e+03
-5.453832466919679973e+03
-5.453832466919679973e+03
-5.453832466919679973e+03
-5.453832466919679973e+03
-5.453832466919679973e+03
-5.453832466919679973e+03
-5.453832466919679973e+03
-5.453832466919679973e+03
-5.453832466919679973e+03
-5.453832466919679973e+03
-5.453538059661080297e+03
-5.453538059661080297e+03
-5.453538059661080297e+03
-5.453538059661080297e+03
-5.453538059661080297e+03
-5.453538059661080297e+03
-5.453538059661080297e+03
-5.453538059661080297e+03
-5.453538059661080297e+03
-5.453538059661080297e+03
-5.453538059661080297e+03
-5.453538059661080297e+03
-5.453538059661080297e+03
-5.453538059661080297e+03
-5.453538059661080297e+03
-5.453538059661080297e+03
-5.453538059661080297e+03
-5.453538059661080297e+03
-5.453538059661080297e+03
-5.453538059661080297e+03
-5.453538059661080297e+03
-5.453538059661080297e+03
-5.453538059661080297e+03
-5.453538059661080297e+03
-5.453445155015249838e+03
-5.453445155015249838e+03
-5.453445155015249838e+03
-5.453445155015249838e+03
-5.453445155015249838e+03
-5.453445155015249838e+03
-5.453445155015249838e+03
-5.453445155015249838e+03
-5.453445155015249838e+03
-5.453445155015249838e+03
-5.453445155015249838e+03
-5.453445155015249838e+03
-5.453445155015249838e+03
-5.453445155015249838e+03
-5.453445155015249838e+03
-5.453445155015249838e+03
-5.453796500574329912e+03
-5.453796500574329912e+03
-5.453796500574329912e+03
-5.453796500574329912e+03
-5.453796500574329912e+03
-5.453796500574329912e+03
-5.453796500574329912e+03
-5.453735520329620158e+03
-5.453735520329620158e+03
-5.453735520329620158e+03
-5.453735520329620158e+03
-5.453735520329620158e+03
-5.453735520329620158e+03
-5.453735520329620158e+03
-5.453735520329620158e+03
-5.453735520329620158e+03
-5.453735520329620158e+03
-5.453735520329620158e+03
-5.453735520329620158e+03
-5.453562754792849773e+03
-5.453562754792849773e+03
-5.453562754792849773e+03
-5.453562754792849773e+03
-5.453562754792849773e+03
-5.453562754792849773e+03
-5.453562754792849773e+03
-5.453928501646129916e+03
-5.453928501646129916e+03
-5.453928501646129916e+03
-5.453928501646129916e+03
-5.453928501646129916e+03
-5.453928501646129916e+03
-5.453934636128159582e+03
-5.453934636128159582e+03
-5.453954051572010030e+03
-5.453954051572010030e+03
-5.453954051572010030e+03
-5.453954051572010030e+03
-5.453954051572010030e+03
-5.453954051572010030e+03
-5.453954051572010030e+03
-5.453619045251110037e+03
-5.453619045251110037e+03
-5.453619045251110037e+03
-5.453619045251110037e+03
-5.453619045251110037e+03
-5.453619045251110037e+03
-5.453619045251110037e+03
-5.453619045251110037e+03
-5.453619045251110037e+03
-5.453619045251110037e+03
-5.453619045251110037e+03
-5.453619045251110037e+03
-5.453619045251110037e+03
-5.453619045251110037e+03
-5.453619045251110037e+03
-5.453619045251110037e+03
-5.453619045251110037e+03
-5.453619045251110037e+03
-5.453619045251110037e+03
-5.453619045251110037e+03
-5.453619045251110037e+03
-5.453619045251110037e+03
-5.453619045251110037e+03
-5.453619045251110037e+03
-5.453619045251110037e+03
-5.453619045251110037e+03
-5.453619045251110037e+03
-5.453619045251110037e+03
-5.454019324695669638e+03
-5.454019324695669638e+03
-5.454019324695669638e+03
-5.454019324695669638e+03
-5.454019324695669638e+03
-5.454019324695669638e+03
-5.454019324695669638e+03
-5.454019324695669638e+03
-5.454019324695669638e+03
-5.454019324695669638e+03
-5.454019324695669638e+03
-5.454019324695669638e+03
-5.454019324695669638e+03
-5.454019324695669638e+03
-5.454202403789159689e+03
-5.454202403789159689e+03
-5.454202403789159689e+03
-5.454202403789159689e+03
-5.454202403789159689e+03
-5.454202403789159689e+03
-5.454202403789159689e+03
-5.454202403789159689e+03
-5.454202403789159689e+03
-5.454202403789159689e+03
-5.454202403789159689e+03
-5.454202403789159689e+03
-5.454202403789159689e+03
-5.454202403789159689e+03
-5.454202403789159689e+03
-5.454202403789159689e+03
-5.454202403789159689e+03
-5.454202403789159689e+03
-5.454202403789159689e+03
-5.454202403789159689e+03
-5.454202403789159689e+03
-5.454202403789159689e+03
-5.454202403789159689e+03
-5.454202403789159689e+03
-5.454202403789159689e+03
-5.454202403789159689e+03
-5.454202403789159689e+03
-5.454202403789159689e+03
-5.454202403789159689e+03
-5.454202403789159689e+03
-5.454202403789159689e+03
-5.454202403789159689e+03
-5.454202403789159689e+03
-5.454202403789159689e+03
-5.454202403789159689e+03
-5.454202403789159689e+03
-5.454202403789159689e+03
-5.454202403789159689e+03
-5.454202403789159689e+03
-5.454202403789159689e+03
-5.454202403789159689e+03
-5.454202403789159689e+03
-5.454202403789159689e+03
-5.454202403789159689e+03
-5.454253005756429957e+03
-5.454253005756429957e+03
-5.454253005756429957e+03
-5.454253005756429957e+03
-5.454253005756429957e+03
-5.454253005756429957e+03
-5.454253005756429957e+03
-5.454253005756429957e+03
-5.454253005756429957e+03
-5.454253005756429957e+03
-5.454253005756429957e+03
-5.454253005756429957e+03
-5.454253005756429957e+03
-5.454253005756429957e+03
-5.454253005756429957e+03
-5.454253005756429957e+03
-5.454026731131740235e+03
-5.454026731131740235e+03
-5.454026731131740235e+03
-5.454026731131740235e+03
-5.454026731131740235e+03
-5.454026731131740235e+03
-5.454026731131740235e+03
-5.454026731131740235e+03
-5.454026731131740235e+03
-5.454026731131740235e+03
-5.454026731131740235e+03
-5.454026731131740235e+03
-5.454026731131740235e+03
-5.454026731131740235e+03
-5.454026731131740235e+03
-5.454026731131740235e+03
-5.454026731131740235e+03
-5.454026731131740235e+03
-5.454026731131740235e+03
-5.454026731131740235e+03
-5.454026731131740235e+03
-5.454026731131740235e+03
-5.454026731131740235e+03
-5.454026731131740235e+03
-5.454026731131740235e+03
-5.454026731131740235e+03
-5.454026731131740235e+03
-5.454026731131740235e+03
-5.454026731131740235e+03
-5.454026731131740235e+03
-5.454026731131740235e+03
-5.454026731131740235e+03
-5.454026731131740235e+03
-5.454026731131740235e+03
-5.454026731131740235e+03
-5.454026731131740235e+03
-5.454026731131740235e+03
-5.454026731131740235e+03
-5.454026731131740235e+03
-5.454026731131740235e+03
-5.454026731131740235e+03
-5.454026731131740235e+03
-5.454053497538289776e+03
-5.454053497538289776e+03
-5.454053497538289776e+03
-5.454053497538289776e+03
-5.454053497538289776e+03
-5.454053497538289776e+03
-5.454053497538289776e+03
-5.454053497538289776e+03
-5.454053497538289776e+03
-5.454053497538289776e+03
-5.454053497538289776e+03
-5.454053497538289776e+03
-5.454053497538289776e+03
-5.454053497538289776e+03
-5.454053497538289776e+03
-5.454053497538289776e+03
-5.454053497538289776e+03
-5.454053497538289776e+03
-5.454053497538289776e+03
-5.454053497538289776e+03
-5.454053497538289776e+03
-5.454053497538289776e+03
-5.454053497538289776e+03
-5.454053497538289776e+03
-5.454053497538289776e+03
-5.454053497538289776e+03
-5.454053497538289776e+03
-5.454053497538289776e+03
-5.454053497538289776e+03
-5.454053497538289776e+03
-5.454053497538289776e+03
-5.454053497538289776e+03
-5.454053497538289776e+03
-5.454160942314890235e+03
-5.454160942314890235e+03
-5.454160942314890235e+03
-5.454160942314890235e+03
-5.454160942314890235e+03
-5.454160942314890235e+03
-5.454160942314890235e+03
-5.454160942314890235e+03
-5.454160942314890235e+03
-5.454160942314890235e+03
-5.454160942314890235e+03
-5.454160942314890235e+03
-5.454160942314890235e+03
-5.454160942314890235e+03
-5.454120335167879603e+03
-5.454120335167879603e+03
-5.454120335167879603e+03
-5.454120335167879603e+03
-5.454120335167879603e+03
-5.454120335167879603e+03
-5.454120335167879603e+03
-5.454120335167879603e+03
-5.454120335167879603e+03
-5.454120335167879603e+03
-5.454120335167879603e+03
-5.454120335167879603e+03
-5.454120335167879603e+03
-5.454120335167879603e+03
-5.454120335167879603e+03
-5.454120335167879603e+03
-5.454120335167879603e+03
-5.454120335167879603e+03
-5.454149594006349616e+03
-5.454149594006349616e+03
-5.454149594006349616e+03
-5.454149594006349616e+03
-5.454149594006349616e+03
-5.454149594006349616e+03
-5.454149594006349616e+03
-5.454149594006349616e+03
-5.454149594006349616e+03
-5.454149594006349616e+03
-5.454149594006349616e+03
-5.454149594006349616e+03
-5.454149594006349616e+03
-5.454149594006349616e+03
-5.454149594006349616e+03
-5.454149594006349616e+03
-5.454149594006349616e+03
-5.454149594006349616e+03
-5.454149594006349616e+03
-5.454149594006349616e+03
-5.454149594006349616e+03
-5.454149594006349616e+03
-5.454149594006349616e+03
-5.454149594006349616e+03
-5.454149594006349616e+03
-5.454149594006349616e+03
-5.454149594006349616e+03
-5.454149594006349616e+03
-5.454149594006349616e+03
-5.454149594006349616e+03
-5.454149594006349616e+03
-5.454149594006349616e+03
-5.454149594006349616e+03
-5.454149594006349616e+03
-5.454149594006349616e+03
-5.454149594006349616e+03
-5.454149594006349616e+03
-5.454149594006349616e+03
-5.454149594006349616e+03
-5.454149594006349616e+03
-5.454149594006349616e+03
-5.454105120712500138e+03
-5.454105120712500138e+03
-5.454105120712500138e+03
-5.454105120712500138e+03
-5.454105120712500138e+03
-5.454105120712500138e+03
-5.454105120712500138e+03
-5.454105120712500138e+03
-5.454105120712500138e+03
-5.454105120712500138e+03
-5.454535295683440381e+03
-5.454535295683440381e+03
-5.454535295683440381e+03
-5.454535295683440381e+03
-5.454535295683440381e+03
-5.454624153716579713e+03
-5.454624153716579713e+03
-5.454624153716579713e+03
-5.454624153716579713e+03
-5.454624153716579713e+03
-5.454624153716579713e+03
-5.454624153716579713e+03
-5.454624153716579713e+03
-5.454624153716579713e+03
-5.454624153716579713e+03
-5.454624153716579713e+03
-5.454624153716579713e+03
-5.454624153716579713e+03
-5.454624153716579713e+03
-5.454624153716579713e+03
-5.454624153716579713e+03
-5.454624153716579713e+03
-5.454624153716579713e+03
-5.454624153716579713e+03
-5.454624153716579713e+03
-5.454624153716579713e+03
-5.454624153716579713e+03
-5.454624153716579713e+03
-5.454624153716579713e+03
-5.454624153716579713e+03
-5.454624153716579713e+03
-5.454624153716579713e+03
-5.454624153716579713e+03
-5.454624153716579713e+03
-5.454624153716579713e+03
-5.454624153716579713e+03
-5.454624153716579713e+03
-5.454624153716579713e+03
-5.454624153716579713e+03
-5.454624153716579713e+03
-5.454624153716579713e+03
-5.454624153716579713e+03
-5.454624153716579713e+03
-5.454624153716579713e+03
-5.454624153716579713e+03
-5.454624153716579713e+03
-5.454624153716579713e+03
-5.454624153716579713e+03
-5.454624153716579713e+03
-5.454315470093059957e+03
-5.454315470093059957e+03
-5.454315470093059957e+03
-5.454315470093059957e+03
-5.454315470093059957e+03
-5.454315470093059957e+03
-5.454315470093059957e+03
-5.454315470093059957e+03
-5.454250569569299842e+03
-5.454250569569299842e+03
-5.454250569569299842e+03
-5.454250569569299842e+03
-5.454250569569299842e+03
-5.454250569569299842e+03
-5.454250569569299842e+03
-5.454250569569299842e+03
-5.454250569569299842e+03
-5.454250569569299842e+03
-5.454250569569299842e+03
-5.454250569569299842e+03
-5.454250569569299842e+03
-5.454250569569299842e+03
-5.454250569569299842e+03
-5.454250569569299842e+03
-5.455246186972969554e+03
-5.455246186972969554e+03
-5.455246186972969554e+03
-5.455246186972969554e+03
-5.455246186972969554e+03
-5.455246186972969554e+03
-5.455246186972969554e+03
-5.455246186972969554e+03
-5.455246186972969554e+03
-5.455246186972969554e+03
-5.455246186972969554e+03
-5.455246186972969554e+03
-5.455246186972969554e+03
-5.455246186972969554e+03
-5.455246186972969554e+03
-5.455246186972969554e+03
-5.455246186972969554e+03
-5.455246186972969554e+03
-5.455246186972969554e+03
-5.455246186972969554e+03
-5.455246186972969554e+03
-5.455246186972969554e+03
-5.455246186972969554e+03
-5.455246186972969554e+03
-5.455246186972969554e+03
-5.455246186972969554e+03
-5.455246186972969554e+03
-5.455246186972969554e+03
-5.455246186972969554e+03
-5.455246186972969554e+03
-5.455246186972969554e+03
-5.455246186972969554e+03
-5.455246186972969554e+03
-5.455246186972969554e+03
-5.455246186972969554e+03
-5.455246186972969554e+03
-5.455291598907429943e+03
-5.455291598907429943e+03
-5.455291598907429943e+03
-5.455291598907429943e+03
-5.455291598907429943e+03
-5.455291598907429943e+03
-5.455291598907429943e+03
-5.455291598907429943e+03
-5.455363739053709651e+03
-5.455363739053709651e+03
-5.455363739053709651e+03
-5.455363739053709651e+03
-5.455363739053709651e+03
-5.455375333614510055e+03
-5.455375333614510055e+03
-5.455375333614510055e+03
-5.455375333614510055e+03
-5.455375333614510055e+03
-5.455375333614510055e+03
-5.455375333614510055e+03
-5.455375333614510055e+03
-5.455375333614510055e+03
-5.455375333614510055e+03
-5.455375333614510055e+03
-5.455375333614510055e+03
-5.455375333614510055e+03
-5.455375333614510055e+03
-5.455375333614510055e+03
-5.455375333614510055e+03
-5.455375333614510055e+03
-5.455375333614510055e+03
-5.455375333614510055e+03
-5.455375333614510055e+03
-5.455375333614510055e+03
-5.455375333614510055e+03
-5.455375333614510055e+03
-5.455375333614510055e+03
-5.455375333614510055e+03
-5.455594211956829895e+03
-5.455594211956829895e+03
-5.455594211956829895e+03
-5.455594211956829895e+03
-5.455550169636429928e+03
-5.455550169636429928e+03
-5.455550169636429928e+03
-5.455550169636429928e+03
-5.455550169636429928e+03
-5.455550169636429928e+03
-5.455550169636429928e+03
-5.455550169636429928e+03
-5.455550169636429928e+03
-5.455884019230689773e+03
-5.455884019230689773e+03
-5.455884019230689773e+03
-5.455884019230689773e+03
-5.455884019230689773e+03
-5.455884019230689773e+03
-5.455884019230689773e+03
-5.455884019230689773e+03
-5.455884019230689773e+03
-5.455884019230689773e+03
-5.455884019230689773e+03
-5.455884019230689773e+03
-5.455955905691370390e+03
-5.455955905691370390e+03
-5.455955905691370390e+03
-5.455956342080699869e+03
-5.455956342080699869e+03
-5.455956342080699869e+03
-5.455956342080699869e+03
-5.456084708542020053e+03
-5.456084708542020053e+03
-5.456084708542020053e+03
-5.456084708542020053e+03
-5.456350422853060081e+03
-5.456350422853060081e+03
-5.456350422853060081e+03
-5.456350422853060081e+03
-5.455957761794090402e+03
-5.455957761794090402e+03
-5.455957761794090402e+03
-5.455957761794090402e+03
-5.455957761794090402e+03
-5.455957761794090402e+03
-5.455957761794090402e+03
-5.455957761794090402e+03
-5.455957761794090402e+03
-5.455957761794090402e+03
-5.455957761794090402e+03
-5.455957761794090402e+03
-5.455957761794090402e+03
-5.455957761794090402e+03
-5.455957761794090402e+03
-5.455957761794090402e+03
-5.455957761794090402e+03
-5.455957761794090402e+03
-5.455957761794090402e+03
-5.455957761794090402e+03
-5.455957761794090402e+03
-5.455957761794090402e+03
-5.456498489874589723e+03
-5.456498489874589723e+03
-5.456498489874589723e+03
-5.456498489874589723e+03
-5.456498489874589723e+03
-5.456498489874589723e+03
-5.456498489874589723e+03
-5.456498489874589723e+03
-5.456498489874589723e+03
-5.456498489874589723e+03
-5.456498489874589723e+03
-5.456498489874589723e+03
-5.456498489874589723e+03
-5.456498489874589723e+03
-5.456498489874589723e+03
-5.456465179062050083e+03
-5.456465179062050083e+03
-5.456465179062050083e+03
-5.456465179062050083e+03
-5.456465179062050083e+03
-5.456465179062050083e+03
-5.456465179062050083e+03
-5.456465179062050083e+03
-5.456465179062050083e+03
-5.456465179062050083e+03
-5.456465179062050083e+03
-5.456465179062050083e+03
-5.456465179062050083e+03
-5.456465179062050083e+03
-5.456465179062050083e+03
-5.456454602267560404e+03
-5.456454602267560404e+03
-5.456454602267560404e+03
-5.456454602267560404e+03
-5.456454539015549926e+03
-5.456454539015549926e+03
-5.456454539015549926e+03
-5.456454539015549926e+03
-5.456454539015549926e+03
-5.456454539015549926e+03
-5.456454539015549926e+03
-5.456454539015549926e+03
-5.456454539015549926e+03
-5.456454539015549926e+03
-5.456454539015549926e+03
-5.456454539015549926e+03
-5.456454539015549926e+03
-5.456251725583209918e+03
-5.456251725583209918e+03
-5.456251725583209918e+03
-5.456251725583209918e+03
-5.456251725583209918e+03
-5.456251725583209918e+03
-5.456251725583209918e+03
-5.456251725583209918e+03
-5.456352945880799780e+03
-5.456352945880799780e+03
-5.456352945880799780e+03
-5.456352945880799780e+03
-5.456352945880799780e+03
-5.456352945880799780e+03
-5.456352945880799780e+03
-5.456352945880799780e+03
-5.456352945880799780e+03
-5.456352945880799780e+03
-5.456352945880799780e+03
-5.456352945880799780e+03
-5.456352945880799780e+03
-5.456352945880799780e+03
-5.456352945880799780e+03
-5.456352945880799780e+03
-5.456352945880799780e+03
-5.456352945880799780e+03
-5.456257713070420323e+03
-5.456257713070420323e+03
-5.456257713070420323e+03
-5.456257713070420323e+03
-5.456146865298110242e+03
-5.456146865298110242e+03
-5.456146865298110242e+03
-5.456146865298110242e+03
-5.456146865298110242e+03
-5.456146865298110242e+03
-5.456146865298110242e+03
-5.456146865298110242e+03
-5.456146865298110242e+03
-5.456146865298110242e+03
-5.456146865298110242e+03
-5.456146865298110242e+03
-5.456146865298110242e+03
-5.456146865298110242e+03
-5.456146865298110242e+03
-5.456146865298110242e+03
-5.456146865298110242e+03
-5.456146865298110242e+03
-5.456146865298110242e+03
-5.456146865298110242e+03
-5.456146865298110242e+03
-5.456146865298110242e+03
-5.456146865298110242e+03
-5.456146865298110242e+03
-5.456146865298110242e+03
-5.456146865298110242e+03
-5.456146865298110242e+03
-5.456146865298110242e+03
-5.456146865298110242e+03
-5.456146865298110242e+03
-5.456146865298110242e+03
-5.456146865298110242e+03
-5.456146865298110242e+03
-5.456627761588260000e+03
-5.456627761588260000e+03
-5.456627761588260000e+03
-5.456627761588260000e+03
-5.456627761588260000e+03
-5.456627761588260000e+03
-5.456627761588260000e+03
-5.456627761588260000e+03
-5.456627761588260000e+03
-5.456627761588260000e+03
-5.456627761588260000e+03
-5.456627761588260000e+03
-5.456490713054109619e+03
-5.456490713054109619e+03
-5.456490713054109619e+03
-5.456490713054109619e+03
-5.456490713054109619e+03
-5.456490713054109619e+03
-5.456490713054109619e+03
-5.456490713054109619e+03
-5.456490713054109619e+03
-5.456490713054109619e+03
-5.456490713054109619e+03
-5.456573860256319676e+03
-5.456573860256319676e+03
-5.456573860256319676e+03
-5.456573860256319676e+03
-5.456573860256319676e+03
-5.456573860256319676e+03
-5.456573860256319676e+03
-5.456573860256319676e+03
-5.456573860256319676e+03
-5.456573860256319676e+03
-5.456573860256319676e+03
-5.456573860256319676e+03
-5.456573860256319676e+03
-5.456573860256319676e+03
-5.456573860256319676e+03
-5.456573860256319676e+03
-5.456573860256319676e+03
-5.456573860256319676e+03
-5.456573860256319676e+03
-5.456573860256319676e+03
-5.456573860256319676e+03
-5.456573860256319676e+03
-5.456573860256319676e+03
-5.456573860256319676e+03
-5.456573860256319676e+03
-5.456573860256319676e+03
-5.456573860256319676e+03
-5.456573860256319676e+03
-5.456573860256319676e+03
-5.456573860256319676e+03
-5.456573860256319676e+03
-5.456573860256319676e+03
-5.456573860256319676e+03
-5.456680777320910238e+03
-5.456680777320910238e+03
-5.456680777320910238e+03
-5.456680777320910238e+03
-5.456124809152010130e+03
-5.456124809152010130e+03
-5.456124809152010130e+03
-5.456124809152010130e+03
-5.456124809152010130e+03
-5.456124809152010130e+03
-5.456124809152010130e+03
-5.456124809152010130e+03
-5.456124809152010130e+03
-5.456124809152010130e+03
-5.456124809152010130e+03
-5.456124809152010130e+03
-5.456124809152010130e+03
-5.456124809152010130e+03
-5.456124809152010130e+03
-5.456124809152010130e+03
-5.456124809152010130e+03
-5.456124809152010130e+03
-5.456124809152010130e+03
-5.456984041032080313e+03
-5.456984041032080313e+03
-5.456984041032080313e+03
-5.456984041032080313e+03
-5.456984041032080313e+03
-5.456984041032080313e+03
-5.456984041032080313e+03
-5.456984041032080313e+03
-5.456984041032080313e+03
-5.456984041032080313e+03
-5.457196350034389980e+03
-5.457196350034389980e+03
-5.457196350034389980e+03
-5.457196350034389980e+03
-5.457196350034389980e+03
-5.457196350034389980e+03
-5.457196350034389980e+03
-5.457196350034389980e+03
-5.457196350034389980e+03
-5.457196350034389980e+03
-5.457196350034389980e+03
-5.457196350034389980e+03
-5.457196350034389980e+03
-5.457196350034389980e+03
-5.457196350034389980e+03
-5.457196350034389980e+03
-5.457196350034389980e+03
-5.457196350034389980e+03
-5.457196350034389980e+03
-5.457196350034389980e+03
-5.457196350034389980e+03
-5.457196350034389980e+03
-5.457196350034389980e+03
-5.457196350034389980e+03
-5.457196350034389980e+03
-5.457246568252549878e+03
-5.457246568252549878e+03
-5.457246568252549878e+03
-5.457246568252549878e+03
-5.457246568252549878e+03
-5.457246568252549878e+03
-5.457246568252549878e+03
-5.457246568252549878e+03
-5.457246568252549878e+03
-5.457246568252549878e+03
-5.457158000833400365e+03
-5.457158000833400365e+03
-5.457158000833400365e+03
-5.457158000833400365e+03
-5.457158000833400365e+03
-5.457158000833400365e+03
-5.457205527032049758e+03
-5.457205527032049758e+03
-5.457205527032049758e+03
-5.457205527032049758e+03
-5.457205527032049758e+03
-5.457205527032049758e+03
-5.457205527032049758e+03
-5.457205527032049758e+03
-5.457205527032049758e+03
-5.457205527032049758e+03
-5.457205527032049758e+03
-5.457205527032049758e+03
-5.457205527032049758e+03
-5.457205527032049758e+03
-5.457205527032049758e+03
-5.457205527032049758e+03
-5.457205527032049758e+03
-5.457205527032049758e+03
-5.457205527032049758e+03
-5.457205527032049758e+03
-5.457205527032049758e+03
-5.457475222167009633e+03
-5.457475222167009633e+03
-5.457475222167009633e+03
-5.457475222167009633e+03
-5.457475222167009633e+03
-5.457475222167009633e+03
-5.457475222167009633e+03
-5.457475222167009633e+03
-5.457475222167009633e+03
-5.457475222167009633e+03
-5.457475222167009633e+03
-5.457475222167009633e+03
-5.457475222167009633e+03
-5.457475222167009633e+03
-5.457475222167009633e+03
-5.457475222167009633e+03
-5.457475222167009633e+03
-5.457475222167009633e+03
-5.457475222167009633e+03
-5.457475222167009633e+03
-5.457475222167009633e+03
-5.457475222167009633e+03
-5.457475222167009633e+03
-5.457475222167009633e+03
-5.457475222167009633e+03
-5.457203330167590138e+03
-5.457203330167590138e+03
-5.457203330167590138e+03
-5.457203330167590138e+03
-5.457203330167590138e+03
-5.457203330167590138e+03
-5.457203330167590138e+03
-5.457203330167590138e+03
-5.457203330167590138e+03
-5.457203330167590138e+03
-5.457406886174890133e+03
-5.457406886174890133e+03
-5.457406886174890133e+03
-5.457406886174890133e+03
-5.457406886174890133e+03
-5.457406886174890133e+03
-5.457406886174890133e+03
-5.457406886174890133e+03
-5.457406886174890133e+03
-5.457406886174890133e+03
-5.457406886174890133e+03
-5.457406886174890133e+03
-5.457406886174890133e+03
-5.457406886174890133e+03
-5.457406886174890133e+03
-5.457406886174890133e+03
-5.457406886174890133e+03
-5.457406886174890133e+03
-5.457406886174890133e+03
-5.457406886174890133e+03
-5.457406886174890133e+03
-5.457406886174890133e+03
-5.457406886174890133e+03
-5.457406886174890133e+03
-5.457406886174890133e+03
-5.457406886174890133e+03
-5.457406886174890133e+03
-5.457406886174890133e+03
-5.457406886174890133e+03
-5.457406886174890133e+03
-5.457062613265669825e+03
-5.457062613265669825e+03
-5.457062613265669825e+03
-5.457213968850390302e+03
-5.457213968850390302e+03
-5.457213968850390302e+03
-5.457213968850390302e+03
-5.457213968850390302e+03
-5.457213968850390302e+03
-5.457068645470940282e+03
-5.457068645470940282e+03
-5.457068645470940282e+03
-5.457068645470940282e+03
-5.457068645470940282e+03
-5.457068645470940282e+03
-5.457068645470940282e+03
-5.457068645470940282e+03
-5.457068645470940282e+03
-5.457068645470940282e+03
-5.457068645470940282e+03
-5.457068645470940282e+03
-5.457068645470940282e+03
-5.457068645470940282e+03
-5.457068645470940282e+03
-5.457068645470940282e+03
-5.457068645470940282e+03
-5.457068645470940282e+03
-5.457068645470940282e+03
-5.457068645470940282e+03
-5.457068645470940282e+03
-5.457068645470940282e+03
-5.457068645470940282e+03
-5.457068645470940282e+03
-5.457068645470940282e+03
-5.457068645470940282e+03
-5.457068645470940282e+03
-5.457068645470940282e+03
-5.457068645470940282e+03
-5.457068645470940282e+03
-5.457068645470940282e+03
-5.457068645470940282e+03
-5.457068645470940282e+03
-5.457068645470940282e+03
-5.457068645470940282e+03
-5.457068645470940282e+03
-5.457255952562790299e+03
-5.457255952562790299e+03
-5.457255952562790299e+03
-5.457255952562790299e+03
-5.457255952562790299e+03
-5.457255952562790299e+03
-5.457255952562790299e+03
-5.457255952562790299e+03
-5.457255952562790299e+03
-5.457255952562790299e+03
-5.457255952562790299e+03
-5.457255952562790299e+03
-5.457255952562790299e+03
-5.457255952562790299e+03
-5.457255952562790299e+03
-5.457255952562790299e+03
-5.457255952562790299e+03
-5.457305838025209596e+03
-5.457305838025209596e+03
-5.457305838025209596e+03
-5.457305838025209596e+03
-5.457305838025209596e+03
-5.457305838025209596e+03
-5.457305838025209596e+03
-5.457305838025209596e+03
-5.457305838025209596e+03
-5.457305838025209596e+03
-5.457305838025209596e+03
-5.457305838025209596e+03
-5.457305838025209596e+03
-5.457305838025209596e+03
-5.457305838025209596e+03
-5.457305838025209596e+03
-5.457305838025209596e+03
-5.457305838025209596e+03
-5.457305838025209596e+03
-5.457305838025209596e+03
-5.457305838025209596e+03
-5.457305838025209596e+03
-5.457305838025209596e+03
-5.457305838025209596e+03
-5.457305838025209596e+03
-5.457305838025209596e+03
-5.457305838025209596e+03
-5.457305838025209596e+03
-5.456779456269789989e+03
-5.456779456269789989e+03
-5.456779456269789989e+03
-5.456779456269789989e+03
-5.456779456269789989e+03
-5.456779456269789989e+03
-5.456779456269789989e+03
-5.456779456269789989e+03
-5.456779456269789989e+03
-5.456779456269789989e+03
-5.456779456269789989e+03
-5.456779456269789989e+03
-5.456779456269789989e+03
-5.456779456269789989e+03
-5.456779456269789989e+03
-5.456761955149840105e+03
-5.456761955149840105e+03
-5.456761955149840105e+03
-5.456761955149840105e+03
-5.456761955149840105e+03
-5.456761955149840105e+03
-5.456761955149840105e+03
-5.456761955149840105e+03
-5.456761955149840105e+03
-5.456492141922140036e+03
-5.456492141922140036e+03
-5.456492141922140036e+03
-5.456492141922140036e+03
-5.456492141922140036e+03
-5.456492141922140036e+03
-5.456492141922140036e+03
-5.456492141922140036e+03
-5.52834845700864e+03
