-4.368322125501000301e+03
-4.368322125501000301e+03
-4.368381076999539800e+03
-4.368395768584619873e+03
-4.368341311956650316e+03
-4.368521824097099852e+03
-4.368521824097099852e+03
-4.368526304997880288e+03
-4.368526304997880288e+03
-4.368677143105540381e+03
-4.368677143105540381e+03
-4.368927269956529926e+03
-4.368732106662560000e+03
-4.368944880321259916e+03
-4.369037761829929877e+03
-4.369037761829929877e+03
-4.369037761829929877e+03
-4.369037761829929877e+03
-4.369004116954330129e+03
-4.369082770201400308e+03
-4.369206530978060073e+03
-4.369152602146199570e+03
-4.369152602146199570e+03
-4.369380625967060041e+03
-4.369380625967060041e+03
-4.369380625967060041e+03
-4.369313651177199972e+03
-4.369235901484729766e+03
-4.369467929897449721e+03
-4.369391330548710357e+03
-4.369477623893820237e+03
-4.369527654256499773e+03
-4.369383379191859603e+03
-4.369500960532100180e+03
-4.369500960532100180e+03
-4.369500960532100180e+03
-4.369448137969960044e+03
-4.369478654113609991e+03
-4.369576803351250419e+03
-4.369576803351250419e+03
-4.369692226573250082e+03
-4.369704362659869730e+03
-4.369704362659869730e+03
-4.369619910376530243e+03
-4.369678811105560271e+03
-4.369678811105560271e+03
-4.369792125440440032e+03
-4.369792125440440032e+03
-4.369867722064969712e+03
-4.369867722064969712e+03
-4.369867722064969712e+03
-4.369867722064969712e+03
-4.369867722064969712e+03
-4.369592595485530182e+03
-4.369573180453449822e+03
-4.369573180453449822e+03
-4.369571043510560230e+03
-4.369851373772010447e+03
-4.369851373772010447e+03
-4.369851373772010447e+03
-4.369851373772010447e+03
-4.369851373772010447e+03
-4.369844070457759699e+03
-4.369901923774949864e+03
-4.369946725553049873e+03
-4.370129545886529741e+03
-4.370086939670320135e+03
-4.370086939670320135e+03
-4.370086939670320135e+03
-4.370081429375350126e+03
-4.370048583253619654e+03
-4.370184701044059693e+03
-4.370211341260260269e+03
-4.370317433235850331e+03
-4.370655358719530341e+03
-4.370655358719530341e+03
-4.370670692284829784e+03
-4.370685158858170325e+03
-4.370660402631750003e+03
-4.370782113378690156e+03
-4.370931487877430300e+03
-4.371095451999270153e+03
-4.371198135843889759e+03
-4.371198135843889759e+03
-4.371217162662560440e+03
-4.371217162662560440e+03
-4.371217162662560440e+03
-4.371217162662560440e+03
-4.371217162662560440e+03
-4.371217162662560440e+03
-4.371217162662560440e+03
-4.371222782309640024e+03
-4.371222782309640024e+03
-4.371216115974980312e+03
-4.371220882450749741e+03
-4.371220882450749741e+03
-4.371275475760599875e+03
-4.371275475760599875e+03
-4.371275475760599875e+03
-4.371112595744670216e+03
-4.371114754966009968e+03
-4.371381836462340289e+03
-4.371256077115610424e+03
-4.371035172644100385e+03
-4.371171448038739982e+03
-4.371171448038739982e+03
-4.371224984341650270e+03
-4.371343572592900273e+03
-4.371311509661350101e+03
-4.371311509661350101e+03
-4.371311509661350101e+03
-4.371311509661350101e+03
-4.371405041140429603e+03
-4.371247566865629778e+03
-4.371247566865629778e+03
-4.371247566865629778e+03
-4.371247566865629778e+03
-4.371305692880459901e+03
-4.371406961582460099e+03
-4.371406961582460099e+03
-4.371426605603770440e+03
-4.371426605603770440e+03
-4.371426605603770440e+03
-4.371426224186629952e+03
-4.371426224186629952e+03
-4.371426224186629952e+03
-4.371367410206549721e+03
-4.371367410206549721e+03
-4.371375908748190341e+03
-4.371375908748190341e+03
-4.371487969311219786e+03
-4.371512438589000340e+03
-4.371459313478900185e+03
-4.371433646515720284e+03
-4.371380499875879650e+03
-4.371283916170509656e+03
-4.371296368640199944e+03
-4.371296368640199944e+03
-4.371150851848899947e+03
-4.371150851848899947e+03
-4.371150851848899947e+03
-4.371272118549150036e+03
-4.371237725991670231e+03
-4.371237725991670231e+03
-4.371237725991670231e+03
-4.371237725991670231e+03
-4.371126855656710177e+03
-4.371091361515270364e+03
-4.371091361515270364e+03
-4.371091361515270364e+03
-4.370927025345859875e+03
-4.370907041367149759e+03
-4.371249084198840137e+03
-4.371249084198840137e+03
-4.371221933754540260e+03
-4.371486822445150210e+03
-4.371393571085610347e+03
-4.371499925822949990e+03
-4.371499925822949990e+03
-4.371380928456060246e+03
-4.371415664821939572e+03
-4.371415664821939572e+03
-4.371345251557519987e+03
-4.371345251557519987e+03
-4.371345251557519987e+03
-4.371489828451880385e+03
-4.371382156839090385e+03
-4.371624821943179995e+03
-4.371624821943179995e+03
-4.371649839573319696e+03
-4.371649839573319696e+03
-4.371582268237059907e+03
-4.371582268237059907e+03
-4.371468782785519579e+03
-4.371468782785519579e+03
-4.371519538886859664e+03
-4.371437255883870421e+03
-4.371566562422500283e+03
-4.371566562422500283e+03
-4.371566562422500283e+03
-4.371566562422500283e+03
-4.371580040558839755e+03
-4.371580040558839755e+03
-4.371580040558839755e+03
-4.371532511152429834e+03
-4.371482295414780310e+03
-4.371436341048440227e+03
-4.371436341048440227e+03
-4.371437111264979649e+03
-4.371571182393369781e+03
-4.371571182393369781e+03
-4.371578002994389863e+03
-4.371578002994389863e+03
-4.371578002994389863e+03
-4.371578002994389863e+03
-4.371665846169869837e+03
-4.371665846169869837e+03
-4.371998371981730088e+03
-4.371926278159309732e+03
-4.371759773452869922e+03
-4.372074506816849862e+03
-4.371981479213350212e+03
-4.372094495227240259e+03
-4.372159981518570021e+03
-4.371982053120639648e+03
-4.371964108398479766e+03
-4.372007370699860076e+03
-4.372039102285019908e+03
-4.372066326273109553e+03
-4.372067885945830312e+03
-4.372067885945830312e+03
-4.372050975826249669e+03
-4.372131063295149943e+03
-4.371876923280799929e+03
-4.371876923280799929e+03
-4.371910541251299946e+03
-4.371910541251299946e+03
-4.371910541251299946e+03
-4.371907811546569974e+03
-4.371907811546569974e+03
-4.371907811546569974e+03
-4.372048628149629621e+03
-4.372048628149629621e+03
-4.372048628149629621e+03
-4.372165628878839925e+03
-4.372122981870409603e+03
-4.372122981870409603e+03
-4.372122981870409603e+03
-4.372122981870409603e+03
-4.372100513849019990e+03
-4.372100513849019990e+03
-4.372335525657979815e+03
-4.372367623043380263e+03
-4.372367623043380263e+03
-4.372213515626420303e+03
-4.372209329970110048e+03
-4.372209329970110048e+03
-4.372161607692110010e+03
-4.372223626464319750e+03
-4.372223626464319750e+03
-4.372223626464319750e+03
-4.372239271504339740e+03
-4.372239271504339740e+03
-4.372274002527769881e+03
-4.372311845822179748e+03
-4.372311845822179748e+03
-4.372410435680860246e+03
-4.372536257963710341e+03
-4.372536257963710341e+03
-4.372536257963710341e+03
-4.372392635039100242e+03
-4.372370835863749562e+03
-4.372485050053040140e+03
-4.372485050053040140e+03
-4.372485050053040140e+03
-4.372430293322980106e+03
-4.372430293322980106e+03
-4.372430293322980106e+03
-4.372430293322980106e+03
-4.372430293322980106e+03
-4.372430293322980106e+03
-4.372430293322980106e+03
-4.372483871638810342e+03
-4.372583445662889972e+03
-4.372583445662889972e+03
-4.372583445662889972e+03
-4.372431795293619871e+03
-4.372648687541710387e+03
-4.372681665131520276e+03
-4.372681665131520276e+03
-4.372738376991200312e+03
-4.372734504192550048e+03
-4.372589854042230400e+03
-4.372805821020629992e+03
-4.372805821020629992e+03
-4.372805821020629992e+03
-4.372805821020629992e+03
-4.372861427088570053e+03
-4.372884640094080169e+03
-4.372884640094080169e+03
-4.372884640094080169e+03
-4.372884640094080169e+03
-4.372772121220989902e+03
-4.372762549096190014e+03
-4.372797676507139840e+03
-4.372806787337570313e+03
-4.372806787337570313e+03
-4.372932827624749734e+03
-4.372932827624749734e+03
-4.372932827624749734e+03
-4.372932827624749734e+03
-4.372932827624749734e+03
-4.372932827624749734e+03
-4.372819596441549947e+03
-4.372738858062630243e+03
-4.372738858062630243e+03
-4.372738858062630243e+03
-4.372738858062630243e+03
-4.372509615551160095e+03
-4.372678230127689858e+03
-4.372731287547670036e+03
-4.372752183083360251e+03
-4.372752183083360251e+03
-4.372752183083360251e+03
-4.372752183083360251e+03
-4.372780550292410226e+03
-4.372780550292410226e+03
-4.372780550292410226e+03
-4.372780550292410226e+03
-4.372763891899039663e+03
-4.372763891899039663e+03
-4.372678217608029627e+03
-4.372678217608029627e+03
-4.372662967832469803e+03
-4.372761258647000432e+03
-4.372761258647000432e+03
-4.372761258647000432e+03
-4.372761258647000432e+03
-4.372776384341539597e+03
-4.372776384341539597e+03
-4.372978396634969613e+03
-4.372978396634969613e+03
-4.372785453871199934e+03
-4.372650385685259607e+03
-4.372602259056129697e+03
-4.372602259056129697e+03
-4.372602259056129697e+03
-4.372602259056129697e+03
-4.372860122339059672e+03
-4.372837440892109953e+03
-4.372755720486929931e+03
-4.372900760620310393e+03
-4.372873654232609624e+03
-4.372873654232609624e+03
-4.372873654232609624e+03
-4.372873654232609624e+03
-4.372873654232609624e+03
-4.372801737889830292e+03
-4.372801737889830292e+03
-4.372832627877400228e+03
-4.372810934066979826e+03
-4.372810934066979826e+03
-4.372810934066979826e+03
-4.372773755850639645e+03
-4.372773755850639645e+03
-4.372651322780089686e+03
-4.372740787006830033e+03
-4.372740787006830033e+03
-4.372740787006830033e+03
-4.372740787006830033e+03
-4.372836047334310024e+03
-4.372532662736890416e+03
-4.372532662736890416e+03
-4.372453490408690413e+03
-4.372484243651059842e+03
-4.372321119988519968e+03
-4.372321119988519968e+03
-4.372321119988519968e+03
-4.372369419405359622e+03
-4.372462234102030379e+03
-4.372466825105640055e+03
-4.372588126873800320e+03
-4.372711607660779919e+03
-4.372853196014420064e+03
-4.373072777306860189e+03
-4.373072777306860189e+03
-4.373072777306860189e+03
-4.373072777306860189e+03
-4.372935628345840087e+03
-4.372935628345840087e+03
-4.373118492028619585e+03
-4.373118492028619585e+03
-4.373177921622120266e+03
-4.373191499516439762e+03
-4.373191499516439762e+03
-4.373191499516439762e+03
-4.373177876521530379e+03
-4.373177876521530379e+03
-4.373177876521530379e+03
-4.373177876521530379e+03
-4.373385026444870164e+03
-4.373385026444870164e+03
-4.373385026444870164e+03
-4.373385026444870164e+03
-4.373373948890330212e+03
-4.373373948890330212e+03
-4.373537376827410299e+03
-4.373537376827410299e+03
-4.373537376827410299e+03
-4.373432103466449917e+03
-4.373432103466449917e+03
-4.373406338775450422e+03
-4.373389889665159899e+03
-4.373389889665159899e+03
-4.373389889665159899e+03
-4.373389889665159899e+03
-4.373389889665159899e+03
-4.373408262146530433e+03
-4.373408262146530433e+03
-4.373408262146530433e+03
-4.373328062104769742e+03
-4.373328062104769742e+03
-4.373328062104769742e+03
-4.373383511760759575e+03
-4.373702598479329936e+03
-4.373601427776819946e+03
-4.373613076375890159e+03
-4.373613076375890159e+03
-4.373613076375890159e+03
-4.373739629750390122e+03
-4.373739629750390122e+03
-4.373728877064740118e+03
-4.373872003529560061e+03
-4.373862235773969587e+03
-4.373862235773969587e+03
-4.373862235773969587e+03
-4.373862235773969587e+03
-4.373862235773969587e+03
-4.374033205488670319e+03
-4.373974129610290220e+03
-4.374148188557570393e+03
-4.374018593490210151e+03
-4.374018593490210151e+03
-4.374018593490210151e+03
-4.374018593490210151e+03
-4.374018593490210151e+03
-4.374053228272199703e+03
-4.373983928619450126e+03
-4.373983928619450126e+03
-4.374209402301769842e+03
-4.374209402301769842e+03
-4.374332486462199995e+03
-4.374401773770469845e+03
-4.374328124122560439e+03
-4.374201770193960328e+03
-4.374288906797930395e+03
-4.374288906797930395e+03
-4.374288906797930395e+03
-4.374365398588260177e+03
-4.374511891337409907e+03
-4.374511891337409907e+03
-4.374511891337409907e+03
-4.374511891337409907e+03
-4.374511891337409907e+03
-4.374511891337409907e+03
-4.374626341211170256e+03
-4.374759771943379747e+03
-4.374701003667640180e+03
-4.374701003667640180e+03
-4.374701003667640180e+03
-4.374701003667640180e+03
-4.374555889918379762e+03
-4.374555889918379762e+03
-4.374555889918379762e+03
-4.374713878079000096e+03
-4.374713878079000096e+03
-4.374713878079000096e+03
-4.374810001883610312e+03
-4.374810001883610312e+03
-4.374810001883610312e+03
-4.374810001883610312e+03
-4.374690380727750380e+03
-4.374709360246009965e+03
-4.374709360246009965e+03
-4.374709360246009965e+03
-4.374709360246009965e+03
-4.374709360246009965e+03
-4.374709360246009965e+03
-4.374690132703060044e+03
-4.374690132703060044e+03
-4.374690132703060044e+03
-4.374777620409199699e+03
-4.374777620409199699e+03
-4.374777620409199699e+03
-4.374777620409199699e+03
-4.374777620409199699e+03
-4.374776171918740147e+03
-4.374685610242629991e+03
-4.374692187359170020e+03
-4.374692187359170020e+03
-4.374842864260799615e+03
-4.374778334191530121e+03
-4.374778334191530121e+03
-4.374778334191530121e+03
-4.374778334191530121e+03
-4.374778334191530121e+03
-4.374778334191530121e+03
-4.374666470662919892e+03
-4.374549535203669620e+03
-4.374545836265619982e+03
-4.374545836265619982e+03
-4.374750260979810264e+03
-4.374756161550870274e+03
-4.374493032290290103e+03
-4.374493032290290103e+03
-4.374493032290290103e+03
-4.374493032290290103e+03
-4.374565135375650243e+03
-4.374531661847439864e+03
-4.374531661847439864e+03
-4.374531661847439864e+03
-4.374640220320049593e+03
-4.374640220320049593e+03
-4.374630213438689680e+03
-4.374535365870839996e+03
-4.374500299912129776e+03
-4.374612297105880316e+03
-4.374612297105880316e+03
-4.374612297105880316e+03
-4.374612297105880316e+03
-4.374710889692119963e+03
-4.374567816282789863e+03
-4.374662178208819569e+03
-4.374655709501749698e+03
-4.374689447558470420e+03
-4.374774595564679657e+03
-4.374772197291070370e+03
-4.374772197291070370e+03
-4.374772197291070370e+03
-4.374772197291070370e+03
-4.374772197291070370e+03
-4.374978106114420370e+03
-4.374978106114420370e+03
-4.375054366222209865e+03
-4.375055624942950089e+03
-4.375055624942950089e+03
-4.375055624942950089e+03
-4.375055624942950089e+03
-4.374989311414919939e+03
-4.375120284857330262e+03
-4.375120284857330262e+03
-4.374952133754250099e+03
-4.375069539441719826e+03
-4.375069539441719826e+03
-4.375069539441719826e+03
-4.375069539441719826e+03
-4.375069539441719826e+03
-4.375069539441719826e+03
-4.375168208918289565e+03
-4.375168208918289565e+03
-4.375092242224790425e+03
-4.375092242224790425e+03
-4.375159822039309802e+03
-4.375181901881160229e+03
-4.375181901881160229e+03
-4.375181901881160229e+03
-4.375274436163509563e+03
-4.375274436163509563e+03
-4.375274436163509563e+03
-4.375328250756179841e+03
-4.375328250756179841e+03
-4.375297826817340137e+03
-4.375229393354459717e+03
-4.375141422085090198e+03
-4.375141422085090198e+03
-4.375141422085090198e+03
-4.375141422085090198e+03
-4.375128010873870153e+03
-4.375128010873870153e+03
-4.375172002792320200e+03
-4.375056886365059654e+03
-4.375056886365059654e+03
-4.375056886365059654e+03
-4.375020179090470265e+03
-4.375017149149680336e+03
-4.375017149149680336e+03
-4.375017149149680336e+03
-4.375045403876540149e+03
-4.375012926996379974e+03
-4.375012926996379974e+03
-4.375101168460339977e+03
-4.375012798312320228e+03
-4.375012798312320228e+03
-4.375012798312320228e+03
-4.375012798312320228e+03
-4.375012798312320228e+03
-4.375074349832760163e+03
-4.375307716578449799e+03
-4.375307716578449799e+03
-4.375560796975820267e+03
-4.375274250942269646e+03
-4.375274250942269646e+03
-4.375274250942269646e+03
-4.375274250942269646e+03
-4.375274250942269646e+03
-4.375274250942269646e+03
-4.375274250942269646e+03
-4.375268860626620153e+03
-4.375268860626620153e+03
-4.375268860626620153e+03
-4.375446223023640414e+03
-4.375446223023640414e+03
-4.375770606534740182e+03
-4.375770606534740182e+03
-4.375811063645780450e+03
-4.375713680125380051e+03
-4.375809008535669818e+03
-4.375809008535669818e+03
-4.375809008535669818e+03
-4.375809008535669818e+03
-4.375927988576579992e+03
-4.375901971315220180e+03
-4.375901971315220180e+03
-4.375901295779080101e+03
-4.375800522020479548e+03
-4.375885428735849928e+03
-4.375999902271290011e+03
-4.375999902271290011e+03
-4.375999902271290011e+03
-4.375999902271290011e+03
-4.376080392579019644e+03
-4.376080392579019644e+03
-4.376080392579019644e+03
-4.376209204555289944e+03
-4.376209204555289944e+03
-4.376183032892459778e+03
-4.376183330628639851e+03
-4.376183330628639851e+03
-4.376262070701780431e+03
-4.376262070701780431e+03
-4.375948935539409831e+03
-4.375948935539409831e+03
-4.375896409998599665e+03
-4.375896409998599665e+03
-4.375896409998599665e+03
-4.375896409998599665e+03
-4.375740259766889722e+03
-4.375740259766889722e+03
-4.375740259766889722e+03
-4.375798434567749609e+03
-4.375798434567749609e+03
-4.375798434567749609e+03
-4.375798434567749609e+03
-4.375798434567749609e+03
-4.375643370284779849e+03
-4.375643370284779849e+03
-4.375401370745020358e+03
-4.375401370745020358e+03
-4.375492208010779905e+03
-4.375488619141569870e+03
-4.375488619141569870e+03
-4.375484603360139772e+03
-4.375515164184090281e+03
-4.375358673700569852e+03
-4.375623678089909845e+03
-4.375589176497390326e+03
-4.375514285175339865e+03
-4.375514285175339865e+03
-4.375445120073930411e+03
-4.375154275513339599e+03
-4.375343094653660046e+03
-4.375487117160640082e+03
-4.375487117160640082e+03
-4.375487117160640082e+03
-4.375487117160640082e+03
-4.375349572571310091e+03
-4.375240685660200143e+03
-4.375259165293359729e+03
-4.375473089553220234e+03
-4.375293017450259867e+03
-4.375293017450259867e+03
-4.375293017450259867e+03
-4.375217093584389659e+03
-4.375217093584389659e+03
-4.375217093584389659e+03
-4.375377007555999626e+03
-4.375377007555999626e+03
-4.375527090651639810e+03
-4.375519918301750295e+03
-4.375539892568700452e+03
-4.375522430447829720e+03
-4.375678590293649904e+03
-4.375738628119290297e+03
-4.375738628119290297e+03
-4.375772440946539973e+03
-4.375772440946539973e+03
-4.375772440946539973e+03
-4.375772440946539973e+03
-4.375901336018239817e+03
-4.375916467157439911e+03
-4.375916467157439911e+03
-4.375829671889309793e+03
-4.375829671889309793e+03
-4.375829671889309793e+03
-4.375818173393749930e+03
-4.375977112396910343e+03
-4.375977112396910343e+03
-4.375996705466580352e+03
-4.376081285272899549e+03
-4.375952569562589815e+03
-4.375952569562589815e+03
-4.375952569562589815e+03
-4.375975215707079769e+03
-4.375975215707079769e+03
-4.375901083567279784e+03
-4.375901083567279784e+03
-4.375901083567279784e+03
-4.375901083567279784e+03
-4.375958172457920227e+03
-4.375958172457920227e+03
-4.375958172457920227e+03
-4.375958172457920227e+03
-4.375958172457920227e+03
-4.376086286128100255e+03
-4.376086286128100255e+03
-4.376086286128100255e+03
-4.376086286128100255e+03
-4.376086286128100255e+03
-4.376243507773790043e+03
-4.376243507773790043e+03
-4.376243507773790043e+03
-4.376243507773790043e+03
-4.376243507773790043e+03
-4.376185862969919981e+03
-4.376111040861779657e+03
-4.376060282589260169e+03
-4.376121328707579778e+03
-4.376121328707579778e+03
-4.376121328707579778e+03
-4.376121328707579778e+03
-4.376121328707579778e+03
-4.376276739051229924e+03
-4.376276739051229924e+03
-4.376290407439149931e+03
-4.376290407439149931e+03
-4.376368748564859743e+03
-4.376378535033710250e+03
-4.376378535033710250e+03
-4.376378535033710250e+03
-4.376378535033710250e+03
-4.376378535033710250e+03
-4.376378535033710250e+03
-4.376378535033710250e+03
-4.376378535033710250e+03
-4.376261624632829808e+03
-4.376548850840699743e+03
-4.376704038052060241e+03
-4.376595416205859692e+03
-4.376595416205859692e+03
-4.376595416205859692e+03
-4.376595416205859692e+03
-4.376533718662510182e+03
-4.376427200032499968e+03
-4.376283100111820204e+03
-4.376283100111820204e+03
-4.376451366613149730e+03
-4.376451366613149730e+03
-4.376451366613149730e+03
-4.376451366613149730e+03
-4.376359018731819560e+03
-4.376318272962909759e+03
-4.376318272962909759e+03
-4.376263998227529555e+03
-4.376204264111939665e+03
-4.376204264111939665e+03
-4.376204264111939665e+03
-4.376170024127850411e+03
-4.376170024127850411e+03
-4.376170024127850411e+03
-4.376337861949929902e+03
-4.376352214924850159e+03
-4.376352214924850159e+03
-4.376352214924850159e+03
-4.376352214924850159e+03
-4.376352214924850159e+03
-4.376327179506130051e+03
-4.376263201116269556e+03
-4.376263201116269556e+03
-4.376263201116269556e+03
-4.376263201116269556e+03
-4.376263201116269556e+03
-4.376586047623800368e+03
-4.376586047623800368e+03
-4.376407315941430170e+03
-4.376446718027020324e+03
-4.376446718027020324e+03
-4.376446718027020324e+03
-4.376446718027020324e+03
-4.376367766967229727e+03
-4.376684571296150352e+03
-4.376684571296150352e+03
-4.376684571296150352e+03
-4.376704947182949581e+03
-4.376704947182949581e+03
-4.376597546427629823e+03
-4.376558610267040422e+03
-4.376558610267040422e+03
-4.376591953573019964e+03
-4.376525448932239669e+03
-4.376525448932239669e+03
-4.376525448932239669e+03
-4.376525448932239669e+03
-4.376567551648189692e+03
-4.376638230318520073e+03
-4.376764518268380016e+03
-4.376764518268380016e+03
-4.376780858648619869e+03
-4.376780858648619869e+03
-4.376780858648619869e+03
-4.376780858648619869e+03
-4.376780858648619869e+03
-4.376780858648619869e+03
-4.376769269776190413e+03
-4.376769269776190413e+03
-4.377013168688030419e+03
-4.377191202575720126e+03
-4.377191202575720126e+03
-4.377191202575720126e+03
-4.376984264088479904e+03
-4.376984264088479904e+03
-4.376984264088479904e+03
-4.376984264088479904e+03
-4.377285130934299559e+03
-4.377285130934299559e+03
-4.377286364432009577e+03
-4.377374689444110118e+03
-4.377407445242730319e+03
-4.377407445242730319e+03
-4.377407445242730319e+03
-4.377407445242730319e+03
-4.377396647173110068e+03
-4.377396647173110068e+03
-4.377396647173110068e+03
-4.377396647173110068e+03
-4.377396647173110068e+03
-4.377396647173110068e+03
-4.377397885002659677e+03
-4.377397885002659677e+03
-4.377397885002659677e+03
-4.377462428945969805e+03
-4.377462428945969805e+03
-4.377462428945969805e+03
-4.377462428945969805e+03
-4.377462428945969805e+03
-4.377469533507530286e+03
-4.377469533507530286e+03
-4.377469533507530286e+03
-4.377469533507530286e+03
-4.377353002033340090e+03
-4.377612996699070209e+03
-4.377612996699070209e+03
-4.377612996699070209e+03
-4.377612996699070209e+03
-4.377612996699070209e+03
-4.377612996699070209e+03
-4.377612996699070209e+03
-4.377612996699070209e+03
-4.377612996699070209e+03
-4.377612996699070209e+03
-4.377612996699070209e+03
-4.377612996699070209e+03
-4.377459147106150340e+03
-4.377459147106150340e+03
-4.377536049585420187e+03
-4.377536049585420187e+03
-4.377605042743870399e+03
-4.377605042743870399e+03
-4.377739149351319611e+03
-4.377753767747040001e+03
-4.377753767747040001e+03
-4.377753767747040001e+03
-4.377651734957739791e+03
-4.377752388077839896e+03
-4.377752388077839896e+03
-4.377536674673950074e+03
-4.377570346453880120e+03
-4.377570346453880120e+03
-4.377570346453880120e+03
-4.377465847941440188e+03
-4.377465847941440188e+03
-4.377465847941440188e+03
-4.377465847941440188e+03
-4.377477084352110069e+03
-4.377477084352110069e+03
-4.377598485657779747e+03
-4.377446978961100285e+03
-4.377504882730339887e+03
-4.377504882730339887e+03
-4.377504882730339887e+03
-4.377504882730339887e+03
-4.377504882730339887e+03
-4.377504882730339887e+03
-4.377504882730339887e+03
-4.377603991852560284e+03
-4.377603991852560284e+03
-4.377601510966000205e+03
-4.377486297597210068e+03
-4.377486297597210068e+03
-4.377486297597210068e+03
-4.377486297597210068e+03
-4.377486297597210068e+03
-4.377419367857210091e+03
-4.377419367857210091e+03
-4.377419367857210091e+03
-4.377576766259469878e+03
-4.377576766259469878e+03
-4.377576766259469878e+03
-4.377632267053370015e+03
-4.377632267053370015e+03
-4.377621982424079761e+03
-4.377758298020339680e+03
-4.377758298020339680e+03
-4.377675605621649993e+03
-4.377788159919799909e+03
-4.377739457176729957e+03
-4.377739457176729957e+03
-4.377775776695239983e+03
-4.377765766849320244e+03
-4.377765766849320244e+03
-4.377765766849320244e+03
-4.377765766849320244e+03
-4.377749294130149792e+03
-4.377692263433399603e+03
-4.377924996108199593e+03
-4.378045027226869934e+03
-4.378051572863910224e+03
-4.378051572863910224e+03
-4.378060744424159566e+03
-4.378060744424159566e+03
-4.377935352993829838e+03
-4.377935352993829838e+03
-4.377935352993829838e+03
-4.377878877694350194e+03
-4.377878877694350194e+03
-4.377878877694350194e+03
-4.377878877694350194e+03
-4.377768236610640088e+03
-4.377768236610640088e+03
-4.377853455921050227e+03
-4.377922285445940361e+03
-4.377922285445940361e+03
-4.377922285445940361e+03
-4.377922285445940361e+03
-4.378170753951940242e+03
-4.378170753951940242e+03
-4.378170753951940242e+03
-4.377988775238130074e+03
-4.377955812156569664e+03
-4.377955812156569664e+03
-4.377955812156569664e+03
-4.377955812156569664e+03
-4.377955812156569664e+03
-4.377851965652799663e+03
-4.377928320380289733e+03
-4.378236716860379602e+03
-4.378022101851899606e+03
-4.378038217865479965e+03
-4.378038217865479965e+03
-4.377878861602969664e+03
-4.377747621676509880e+03
-4.378052662618530121e+03
-4.378081582497379713e+03
-4.378081582497379713e+03
-4.378081582497379713e+03
-4.378081582497379713e+03
-4.378081582497379713e+03
-4.378081582497379713e+03
-4.378076871555819707e+03
-4.378076871555819707e+03
-4.378076871555819707e+03
-4.378076871555819707e+03
-4.378067757181999696e+03
-4.378067757181999696e+03
-4.378183940916190295e+03
-4.378151277199300239e+03
-4.378151277199300239e+03
-4.378151277199300239e+03
-4.377830196010429972e+03
-4.377913781569790444e+03
-4.377913781569790444e+03
-4.378032152592590137e+03
-4.378032152592590137e+03
-4.378032152592590137e+03
-4.378075861034019908e+03
-4.377997295980209856e+03
-4.377997295980209856e+03
-4.378001707419860395e+03
-4.378001707419860395e+03
-4.378001707419860395e+03
-4.378006522634450448e+03
-4.378012103421689972e+03
-4.378012103421689972e+03
-4.377979206671780048e+03
-4.377979206671780048e+03
-4.377979206671780048e+03
-4.378123691045369924e+03
-4.378123691045369924e+03
-4.378123691045369924e+03
-4.378123691045369924e+03
-4.378123691045369924e+03
-4.378123691045369924e+03
-4.378262775829600287e+03
-4.378181426348200148e+03
-4.378181426348200148e+03
-4.378000873818639775e+03
-4.377828447801740367e+03
-4.377830533059560366e+03
-4.377830533059560366e+03
-4.377596512404989880e+03
-4.377596512404989880e+03
-4.377867524407560268e+03
-4.377905697459829753e+03
-4.378011351149550137e+03
-4.378011351149550137e+03
-4.378011351149550137e+03
-4.378339872946649848e+03
-4.378284035141879940e+03
-4.378223782216439758e+03
-4.378223782216439758e+03
-4.378223782216439758e+03
-4.378223782216439758e+03
-4.378217684627919880e+03
-4.378217684627919880e+03
-4.378177764856870454e+03
-4.378148501710449636e+03
-4.378148501710449636e+03
-4.378157127201239746e+03
-4.378157127201239746e+03
-4.378157127201239746e+03
-4.378157127201239746e+03
-4.378124409339429803e+03
-4.378038537332439773e+03
-4.378117142198960209e+03
-4.378117142198960209e+03
-4.378117142198960209e+03
-4.378117142198960209e+03
-4.377934979236179970e+03
-4.377887900306879601e+03
-4.377858641639279995e+03
-4.377829885888219906e+03
-4.377829885888219906e+03
-4.377829885888219906e+03
-4.377782037157699961e+03
-4.377782037157699961e+03
-4.377782037157699961e+03
-4.377782037157699961e+03
-4.377865646038670093e+03
-4.377913310618269861e+03
-4.377913310618269861e+03
-4.377913310618269861e+03
-4.377913310618269861e+03
-4.377945203874450272e+03
-4.377945203874450272e+03
-4.378093502229719888e+03
-4.378093502229719888e+03
-4.377983658783099600e+03
-4.378052691789779601e+03
-4.378134721299319608e+03
-4.378134721299319608e+03
-4.378134721299319608e+03
-4.378219585616249788e+03
-4.378296490397419802e+03
-4.378296490397419802e+03
-4.378296490397419802e+03
-4.378296490397419802e+03
-4.378191234500370228e+03
-4.378156034181670293e+03
-4.378079588397299631e+03
-4.378079588397299631e+03
-4.378110323319219788e+03
-4.378110323319219788e+03
-4.378110323319219788e+03
-4.378110323319219788e+03
-4.378083603169419803e+03
-4.378083603169419803e+03
-4.377798487196399947e+03
-4.377798487196399947e+03
-4.377798487196399947e+03
-4.377798487196399947e+03
-4.377798487196399947e+03
-4.377942984498729857e+03
-4.377819527224900412e+03
-4.377819527224900412e+03
-4.377688373899750331e+03
-4.377548458299809681e+03
-4.377548458299809681e+03
-4.377548458299809681e+03
-4.377548458299809681e+03
-4.377548458299809681e+03
-4.377548458299809681e+03
-4.377548458299809681e+03
-4.377548458299809681e+03
-4.377548458299809681e+03
-4.377581616008899800e+03
-4.377644303871329612e+03
-4.377708712377389929e+03
-4.377708712377389929e+03
-4.377708712377389929e+03
-4.377835475954940193e+03
-4.377835475954940193e+03
-4.377864053256969783e+03
-4.377801068574520286e+03
-4.377801068574520286e+03
-4.377888774506290247e+03
-4.377792507934649620e+03
-4.377792507934649620e+03
-4.377799946259729950e+03
-4.377799946259729950e+03
-4.377752976275900437e+03
-4.377752976275900437e+03
-4.377633313897250446e+03
-4.377633313897250446e+03
-4.377633313897250446e+03
-4.377633313897250446e+03
-4.377517355143780151e+03
-4.377517355143780151e+03
-4.377517355143780151e+03
-4.377537508327480282e+03
-4.377537508327480282e+03
-4.377537508327480282e+03
-4.377537508327480282e+03
-4.377537508327480282e+03
-4.377537508327480282e+03
-4.377537508327480282e+03
-4.377537508327480282e+03
-4.377490906346070005e+03
-4.377478646782100441e+03
-4.377478646782100441e+03
-4.377478646782100441e+03
-4.377631291177140156e+03
-4.377631291177140156e+03
-4.377631291177140156e+03
-4.377635005471360273e+03
-4.377626109187750444e+03
-4.377626109187750444e+03
-4.377626109187750444e+03
-4.377626109187750444e+03
-4.377626109187750444e+03
-4.377526255414430125e+03
-4.377473015034170203e+03
-4.377473015034170203e+03
-4.377473015034170203e+03
-4.377473015034170203e+03
-4.377473015034170203e+03
-4.377518319981109926e+03
-4.377424867119980263e+03
-4.377424867119980263e+03
-4.377424867119980263e+03
-4.377424867119980263e+03
-4.377424867119980263e+03
-4.377424867119980263e+03
-4.377443500980600220e+03
-4.377443500980600220e+03
-4.377443500980600220e+03
-4.377488102090659595e+03
-4.377488102090659595e+03
-4.377488102090659595e+03
-4.377488102090659595e+03
-4.377488102090659595e+03
-4.377488102090659595e+03
-4.377488102090659595e+03
-4.377488102090659595e+03
-4.377488102090659595e+03
-4.377488102090659595e+03
-4.377488102090659595e+03
-4.377488102090659595e+03
-4.377488102090659595e+03
-4.377488102090659595e+03
-4.377488102090659595e+03
-4.377666723290900336e+03
-4.377666723290900336e+03
-4.377744473608129738e+03
-4.377744473608129738e+03
-4.377744473608129738e+03
-4.377744473608129738e+03
-4.377744473608129738e+03
-4.377744473608129738e+03
-4.377573255258989775e+03
-4.377573255258989775e+03
-4.377573255258989775e+03
-4.377573255258989775e+03
-4.377445989152470247e+03
-4.377509679869909633e+03
-4.377509679869909633e+03
-4.377509679869909633e+03
-4.377509679869909633e+03
-4.377509679869909633e+03
-4.377509679869909633e+03
-4.377480096386740115e+03
-4.377480096386740115e+03
-4.377480096386740115e+03
-4.377480096386740115e+03
-4.377224402022229697e+03
-4.377224402022229697e+03
-4.377224402022229697e+03
-4.377224402022229697e+03
-4.377221400338020430e+03
-4.377221400338020430e+03
-4.377221400338020430e+03
-4.377151714908360191e+03
-4.377151714908360191e+03
-4.377151714908360191e+03
-4.377151714908360191e+03
-4.377151714908360191e+03
-4.377151714908360191e+03
-4.377285898683870073e+03
-4.377285898683870073e+03
-4.377285898683870073e+03
-4.377285898683870073e+03
-4.377285898683870073e+03
-4.377285898683870073e+03
-4.377338423466740096e+03
-4.377338423466740096e+03
-4.377311847462930018e+03
-4.377363663139940400e+03
-4.377349836817659707e+03
-4.377349836817659707e+03
-4.377349836817659707e+03
-4.377392288410330366e+03
-4.377392288410330366e+03
-4.377400618126270274e+03
-4.377400618126270274e+03
-4.377415756780130323e+03
-4.377415756780130323e+03
-4.377415756780130323e+03
-4.377507698572570007e+03
-4.377504844918629715e+03
-4.377504844918629715e+03
-4.377504844918629715e+03
-4.377249207629820376e+03
-4.377249207629820376e+03
-4.377152361569549612e+03
-4.377152361569549612e+03
-4.376965510538389935e+03
-4.376965510538389935e+03
-4.376955174033129879e+03
-4.376955174033129879e+03
-4.376784044302759867e+03
-4.376709450720500172e+03
-4.376709450720500172e+03
-4.376709450720500172e+03
-4.376709450720500172e+03
-4.376714948737169834e+03
-4.376803005482450317e+03
-4.376803005482450317e+03
-4.376803005482450317e+03
-4.376985632508240087e+03
-4.376985632508240087e+03
-4.376878631936760030e+03
-4.376878631936760030e+03
-4.376771841714519724e+03
-4.376977563105089757e+03
-4.377067949192710330e+03
-4.377067949192710330e+03
-4.377067949192710330e+03
-4.377067949192710330e+03
-4.377067949192710330e+03
-4.376940777693530435e+03
-4.376940777693530435e+03
-4.376882259614510076e+03
-4.376882259614510076e+03
-4.376882259614510076e+03
-4.376876178259460175e+03
-4.376876178259460175e+03
-4.376876178259460175e+03
-4.376863497779179852e+03
-4.376863497779179852e+03
-4.376825490803499633e+03
-4.376825490803499633e+03
-4.376608849968240065e+03
-4.376608849968240065e+03
-4.376608849968240065e+03
-4.376681128358120077e+03
-4.376667260291429557e+03
-4.376691827091949563e+03
-4.376691827091949563e+03
-4.376691827091949563e+03
-4.376835196966500007e+03
-4.376835196966500007e+03
-4.376835196966500007e+03
-4.376835196966500007e+03
-4.376591933996450280e+03
-4.376591933996450280e+03
-4.376661142136869785e+03
-4.376655819227549728e+03
-4.376533342613530294e+03
-4.376574071868169995e+03
-4.376555479124060184e+03
-4.376555479124060184e+03
-4.376555479124060184e+03
-4.376555479124060184e+03
-4.376555479124060184e+03
-4.376555479124060184e+03
-4.376555479124060184e+03
-4.376555479124060184e+03
-4.376639093419919845e+03
-4.376499623905750013e+03
-4.376499623905750013e+03
-4.376721019337789585e+03
-4.376721019337789585e+03
-4.376915626728229654e+03
-4.376861021440669901e+03
-4.376772860128109642e+03
-4.376772860128109642e+03
-4.376772860128109642e+03
-4.376772860128109642e+03
-4.376750854544529830e+03
-4.376636765336120334e+03
-4.376636765336120334e+03
-4.376609563885240277e+03
-4.376468167834979795e+03
-4.376418108352650052e+03
-4.376549747091149584e+03
-4.376501157497819804e+03
-4.376307455653930447e+03
-4.376307455653930447e+03
-4.376307455653930447e+03
-4.376307455653930447e+03
-4.376307455653930447e+03
-4.376781990089650208e+03
-4.376781990089650208e+03
-4.376781990089650208e+03
-4.377039819888190323e+03
-4.377039819888190323e+03
-4.377039819888190323e+03
-4.377039819888190323e+03
-4.376846470938209677e+03
-4.376892532129029860e+03
-4.376957429482010411e+03
-4.376957429482010411e+03
-4.376957429482010411e+03
-4.377130539191010030e+03
-4.377129123222260205e+03
-4.377132464600190360e+03
-4.377132464600190360e+03
-4.377132464600190360e+03
-4.377132464600190360e+03
-4.377132464600190360e+03
-4.377132464600190360e+03
-4.377132464600190360e+03
-4.377155636434799817e+03
-4.377155636434799817e+03
-4.377155636434799817e+03
-4.377155636434799817e+03
-4.377155636434799817e+03
-4.377155636434799817e+03
-4.376966319628950259e+03
-4.376966319628950259e+03
-4.377047019791810271e+03
-4.377159506796529968e+03
-4.377159506796529968e+03
-4.377159506796529968e+03
-4.377159506796529968e+03
-4.377159506796529968e+03
-4.377159506796529968e+03
-4.377404383202690042e+03
-4.377404383202690042e+03
-4.377432672946280036e+03
-4.377432672946280036e+03
-4.377432672946280036e+03
-4.377362979332820032e+03
-4.377362979332820032e+03
-4.377362979332820032e+03
-4.377362979332820032e+03
-4.377362979332820032e+03
-4.377362979332820032e+03
-4.377362979332820032e+03
-4.377362979332820032e+03
-4.377341692258720286e+03
-4.377314441768209690e+03
-4.377314441768209690e+03
-4.377314441768209690e+03
-4.377314441768209690e+03
-4.377213200470499942e+03
-4.377213200470499942e+03
-4.377213200470499942e+03
-4.377213200470499942e+03
-4.377178615682550117e+03
-4.377351832834489869e+03
-4.377360531531429842e+03
-4.377360531531429842e+03
-4.377320453179840115e+03
-4.377373389964370290e+03
-4.377388416443390270e+03
-4.377388416443390270e+03
-4.377310766654160034e+03
-4.377310766654160034e+03
-4.377310766654160034e+03
-4.377310766654160034e+03
-4.377310766654160034e+03
-4.377310766654160034e+03
-4.377310766654160034e+03
-4.377310766654160034e+03
-4.377310766654160034e+03
-4.377423791764220368e+03
-4.377305218797760062e+03
-4.377570903784569964e+03
-4.377481368978339560e+03
-4.377481368978339560e+03
-4.377481368978339560e+03
-4.377481368978339560e+03
-4.377481368978339560e+03
-4.377314586934169711e+03
-4.377314586934169711e+03
-4.377531357328930426e+03
-4.377531357328930426e+03
-4.377531357328930426e+03
-4.377531357328930426e+03
-4.377531357328930426e+03
-4.377531357328930426e+03
-4.377498834794349932e+03
-4.377498834794349932e+03
-4.377498834794349932e+03
-4.377498834794349932e+03
-4.377548751009099760e+03
-4.377548751009099760e+03
-4.377548751009099760e+03
-4.377612284713640292e+03
-4.377527183103409698e+03
-4.377527183103409698e+03
-4.377527183103409698e+03
-4.377527183103409698e+03
-4.377627579192459962e+03
-4.377712236083009884e+03
-4.377810496416300339e+03
-4.377810496416300339e+03
-4.377810496416300339e+03
-4.377821344890189721e+03
-4.377821344890189721e+03
-4.378018421182850034e+03
-4.378018421182850034e+03
-4.378018421182850034e+03
-4.378018421182850034e+03
-4.378018421182850034e+03
-4.378018421182850034e+03
-4.378018421182850034e+03
-4.378069281050849895e+03
-4.378094904029890131e+03
-4.378094904029890131e+03
-4.378071481059369944e+03
-4.378118419956000253e+03
-4.378118419956000253e+03
-4.378266443823419650e+03
-4.378266443823419650e+03
-4.378055616870349695e+03
-4.378055616870349695e+03
-4.378282841868829564e+03
-4.378355961370029945e+03
-4.378415608203869851e+03
-4.378415832009910446e+03
-4.378417589101039994e+03
-4.378417589101039994e+03
-4.378533575208850380e+03
-4.378533575208850380e+03
-4.378533575208850380e+03
-4.378533575208850380e+03
-4.378533575208850380e+03
-4.378598713549959939e+03
-4.378568951000869674e+03
-4.378668354546350201e+03
-4.378668354546350201e+03
-4.378700235609459924e+03
-4.378700235609459924e+03
-4.378814835574399694e+03
-4.378814835574399694e+03
-4.378814835574399694e+03
-4.378909154011779719e+03
-4.378909154011779719e+03
-4.378909154011779719e+03
-4.378779305504759577e+03
-4.378867876647999765e+03
-4.378963077574579984e+03
-4.378963077574579984e+03
-4.378917225596260323e+03
-4.378917225596260323e+03
-4.379111688922999747e+03
-4.379111688922999747e+03
-4.379111688922999747e+03
-4.379049079438539593e+03
-4.379144974187280241e+03
-4.379144974187280241e+03
-4.379144974187280241e+03
-4.379144974187280241e+03
-4.379144974187280241e+03
-4.379112920419460352e+03
-4.378973950968849749e+03
-4.378973950968849749e+03
-4.378973950968849749e+03
-4.378973950968849749e+03
-4.378973950968849749e+03
-4.378973950968849749e+03
-4.378973950968849749e+03
-4.379016453856749649e+03
-4.379016453856749649e+03
-4.379016453856749649e+03
-4.379139202440050212e+03
-4.379139202440050212e+03
-4.379078056000399556e+03
-4.379078056000399556e+03
-4.379078056000399556e+03
-4.379078056000399556e+03
-4.379078056000399556e+03
-4.379078056000399556e+03
-4.379078056000399556e+03
-4.379078056000399556e+03
-4.379062883815479836e+03
-4.379053299813160265e+03
-4.379053299813160265e+03
-4.379053299813160265e+03
-4.379053299813160265e+03
-4.379055894597589941e+03
-4.379238172740980190e+03
-4.379238172740980190e+03
-4.379238172740980190e+03
-4.379238172740980190e+03
-4.379238172740980190e+03
-4.379238172740980190e+03
-4.379238172740980190e+03
-4.379267612654600271e+03
-4.379162506536939873e+03
-4.379162506536939873e+03
-4.379162506536939873e+03
-4.379162506536939873e+03
-4.379251619942079742e+03
-4.379203307802709787e+03
-4.379203307802709787e+03
-4.379203307802709787e+03
-4.379203307802709787e+03
-4.378979703555390188e+03
-4.378797760253290107e+03
-4.378797760253290107e+03
-4.378797760253290107e+03
-4.378646538158750445e+03
-4.378646538158750445e+03
-4.378699666382690339e+03
-4.378699666382690339e+03
-4.378734585878710277e+03
-4.378737557403819665e+03
-4.378666641715019978e+03
-4.378666641715019978e+03
-4.378666641715019978e+03
-4.378405321516340337e+03
-4.378405321516340337e+03
-4.378220761781550209e+03
-4.378220761781550209e+03
-4.378220761781550209e+03
-4.378220761781550209e+03
-4.378220761781550209e+03
-4.378080365355290269e+03
-4.378080365355290269e+03
-4.378080365355290269e+03
-4.378080365355290269e+03
-4.378080365355290269e+03
-4.378080365355290269e+03
-4.378080365355290269e+03
-4.378013457609789839e+03
-4.378013457609789839e+03
-4.377967197836939704e+03
-4.377967197836939704e+03
-4.377967197836939704e+03
-4.377967197836939704e+03
-4.377967197836939704e+03
-4.377960741289290127e+03
-4.377960741289290127e+03
-4.377960741289290127e+03
-4.377960741289290127e+03
-4.378050763935770192e+03
-4.378175571775000208e+03
-4.378175571775000208e+03
-4.378303276832230040e+03
-4.378303276832230040e+03
-4.378386429741340180e+03
-4.378386429741340180e+03
-4.378386429741340180e+03
-4.378386429741340180e+03
-4.378623037932729858e+03
-4.378623037932729858e+03
-4.378623037932729858e+03
-4.378623037932729858e+03
-4.378541725010190021e+03
-4.378541725010190021e+03
-4.378549876107040291e+03
-4.378549876107040291e+03
-4.378567515927080422e+03
-4.378567515927080422e+03
-4.378567515927080422e+03
-4.378587840201010295e+03
-4.378587840201010295e+03
-4.378587840201010295e+03
-4.378567699288500080e+03
-4.378501308585829975e+03
-4.378501308585829975e+03
-4.378640582693010401e+03
-4.378773620346530151e+03
-4.378705313120670326e+03
-4.378750380467789910e+03
-4.378750380467789910e+03
-4.378750380467789910e+03
-4.378750380467789910e+03
-4.378750380467789910e+03
-4.378699205060210261e+03
-4.378798867931630411e+03
-4.378929442818889584e+03
-4.378929442818889584e+03
-4.378929442818889584e+03
-4.378929442818889584e+03
-4.378929442818889584e+03
-4.379003207990100236e+03
-4.378852833603939871e+03
-4.378788392617409954e+03
-4.378669688543380289e+03
-4.378669688543380289e+03
-4.378669688543380289e+03
-4.378669688543380289e+03
-4.378607969393940039e+03
-4.378607969393940039e+03
-4.378607969393940039e+03
-4.378607969393940039e+03
-4.378607969393940039e+03
-4.378607969393940039e+03
-4.378607969393940039e+03
-4.378607969393940039e+03
-4.378607969393940039e+03
-4.378607969393940039e+03
-4.378607969393940039e+03
-4.378489997401979963e+03
-4.378464632640790114e+03
-4.378464632640790114e+03
-4.378464632640790114e+03
-4.378464632640790114e+03
-4.378464632640790114e+03
-4.378464632640790114e+03
-4.378464632640790114e+03
-4.378524830431440023e+03
-4.378524830431440023e+03
-4.378522167989430272e+03
-4.378522167989430272e+03
-4.378522167989430272e+03
-4.378522167989430272e+03
-4.378522167989430272e+03
-4.378522167989430272e+03
-4.378522167989430272e+03
-4.378565216494989727e+03
-4.378484279964190137e+03
-4.378484279964190137e+03
-4.378484279964190137e+03
-4.378484279964190137e+03
-4.378484279964190137e+03
-4.378555302773490439e+03
-4.378555302773490439e+03
-4.378549272979549642e+03
-4.378549272979549642e+03
-4.378549272979549642e+03
-4.378693892589139978e+03
-4.378693892589139978e+03
-4.378773159268779636e+03
-4.378773159268779636e+03
-4.378884523782479846e+03
-4.378884523782479846e+03
-4.378884523782479846e+03
-4.378884523782479846e+03
-4.378884523782479846e+03
-4.378884523782479846e+03
-4.378884523782479846e+03
-4.378884523782479846e+03
-4.378884523782479846e+03
-4.378992285502469713e+03
-4.379062874157009901e+03
-4.379062874157009901e+03
-4.379062874157009901e+03
-4.379062874157009901e+03
-4.379062874157009901e+03
-4.379115114293799707e+03
-4.379115114293799707e+03
-4.379115114293799707e+03
-4.379102018302940451e+03
-4.379242159465829900e+03
-4.379242159465829900e+03
-4.379242159465829900e+03
-4.379242159465829900e+03
-4.379234863446159579e+03
-4.379243945536310093e+03
-4.379243945536310093e+03
-4.379243945536310093e+03
-4.379242615905770435e+03
-4.379136887369930264e+03
-4.379178000373710347e+03
-4.379178000373710347e+03
-4.379178000373710347e+03
-4.379178000373710347e+03
-4.379178000373710347e+03
-4.379178000373710347e+03
-4.379442418057819850e+03
-4.379442418057819850e+03
-4.379369255823209642e+03
-4.379369255823209642e+03
-4.379369255823209642e+03
-4.379369255823209642e+03
-4.379153163195430352e+03
-4.379078526366330152e+03
-4.379078526366330152e+03
-4.379078526366330152e+03
-4.379078526366330152e+03
-4.379078526366330152e+03
-4.379078526366330152e+03
-4.378954956402209973e+03
-4.378954956402209973e+03
-4.378956298761449943e+03
-4.378956298761449943e+03
-4.378956298761449943e+03
-4.378956298761449943e+03
-4.378956298761449943e+03
-4.379036219438169610e+03
-4.379036219438169610e+03
-4.379036219438169610e+03
-4.379036219438169610e+03
-4.379036219438169610e+03
-4.379036219438169610e+03
-4.379036219438169610e+03
-4.378972346447800192e+03
-4.379114882726669748e+03
-4.379058246878779755e+03
-4.379135494477630346e+03
-4.379123628847660257e+03
-4.379123628847660257e+03
-4.379123628847660257e+03
-4.379357544005920317e+03
-4.379421722907110052e+03
-4.379421722907110052e+03
-4.379421722907110052e+03
-4.379421722907110052e+03
-4.379421722907110052e+03
-4.379421722907110052e+03
-4.379386035244970117e+03
-4.379386035244970117e+03
-4.379386035244970117e+03
-4.379386035244970117e+03
-4.379386035244970117e+03
-4.379386035244970117e+03
-4.379386035244970117e+03
-4.379454872916559907e+03
-4.379454872916559907e+03
-4.379454872916559907e+03
-4.379454872916559907e+03
-4.379425580001429807e+03
-4.379425580001429807e+03
-4.379425580001429807e+03
-4.379425580001429807e+03
-4.379320770222620013e+03
-4.379320770222620013e+03
-4.379320770222620013e+03
-4.379320770222620013e+03
-4.379477562612900329e+03
-4.379477562612900329e+03
-4.379477562612900329e+03
-4.379477562612900329e+03
-4.379702033553269757e+03
-4.379718900628619849e+03
-4.379718900628619849e+03
-4.379738561324969851e+03
-4.379738561324969851e+03
-4.379634662978180131e+03
-4.379634662978180131e+03
-4.379634662978180131e+03
-4.379601867291119561e+03
-4.379601867291119561e+03
-4.379601867291119561e+03
-4.379601867291119561e+03
-4.379601867291119561e+03
-4.379601867291119561e+03
-4.379648898892260149e+03
-4.379648898892260149e+03
-4.379648898892260149e+03
-4.379597670954860405e+03
-4.379597670954860405e+03
-4.379597670954860405e+03
-4.379597670954860405e+03
-4.379721439500879569e+03
-4.379721439500879569e+03
-4.379829016595180292e+03
-4.379829016595180292e+03
-4.379828234624739707e+03
-4.380110700345329860e+03
-4.380126933139170433e+03
-4.380126933139170433e+03
-4.380215209477460121e+03
-4.380127746800069872e+03
-4.380347162134789869e+03
-4.380347162134789869e+03
-4.380342669848049809e+03
-4.380342669848049809e+03
-4.380342669848049809e+03
-4.380342669848049809e+03
-4.380342669848049809e+03
-4.380342669848049809e+03
-4.380342669848049809e+03
-4.380342669848049809e+03
-4.380251609001609722e+03
-4.380251609001609722e+03
-4.380251609001609722e+03
-4.380251609001609722e+03
-4.380251609001609722e+03
-4.380094048154730444e+03
-4.380094048154730444e+03
-4.380110792948779817e+03
-4.380110792948779817e+03
-4.380110792948779817e+03
-4.380110792948779817e+03
-4.380110792948779817e+03
-4.379923226022199742e+03
-4.379923226022199742e+03
-4.379923226022199742e+03
-4.379923226022199742e+03
-4.380007940620060253e+03
-4.380007940620060253e+03
-4.380123505317859781e+03
-4.380095877017560269e+03
-4.380025737000510162e+03
-4.380025737000510162e+03
-4.380025737000510162e+03
-4.379846326872810096e+03
-4.379846326872810096e+03
-4.379978285699509797e+03
-4.379978285699509797e+03
-4.379911343896529615e+03
-4.379911343896529615e+03
-4.379911343896529615e+03
-4.379911343896529615e+03
-4.379911343896529615e+03
-4.379911343896529615e+03
-4.379877329306999854e+03
-4.379822670480220040e+03
-4.379822670480220040e+03
-4.379822670480220040e+03
-4.379943582306220378e+03
-4.379943582306220378e+03
-4.379943582306220378e+03
-4.379943582306220378e+03
-4.380010461274840054e+03
-4.380010461274840054e+03
-4.379948651555369906e+03
-4.379999291874150003e+03
-4.379986502825729985e+03
-4.379986502825729985e+03
-4.379986502825729985e+03
-4.379986502825729985e+03
-4.379986502825729985e+03
-4.379946090653330430e+03
-4.379946090653330430e+03
-4.379946090653330430e+03
-4.379946090653330430e+03
-4.379946090653330430e+03
-4.379719224720260172e+03
-4.379719224720260172e+03
-4.379719224720260172e+03
-4.379719224720260172e+03
-4.379719224720260172e+03
-4.379626239731260284e+03
-4.379640347902630310e+03
-4.379640347902630310e+03
-4.379640347902630310e+03
-4.379687947944609732e+03
-4.379687947944609732e+03
-4.379687947944609732e+03
-4.379687947944609732e+03
-4.379853667287829921e+03
-4.379940627405059786e+03
-4.379891004938909646e+03
-4.379891004938909646e+03
-4.379891004938909646e+03
-4.379891004938909646e+03
-4.379891004938909646e+03
-4.379891004938909646e+03
-4.380033251434009799e+03
-4.380079634561209787e+03
-4.380079634561209787e+03
-4.380000477673100249e+03
-4.380000477673100249e+03
-4.380000477673100249e+03
-4.380000477673100249e+03
-4.380176918705339631e+03
-4.380176918705339631e+03
-4.380201863168989803e+03
-4.380205446458179722e+03
-4.380205446458179722e+03
-4.380205446458179722e+03
-4.380205446458179722e+03
-4.380205446458179722e+03
-4.380402400535080233e+03
-4.380402400535080233e+03
-4.380402400535080233e+03
-4.380402400535080233e+03
-4.380402400535080233e+03
-4.380134656695880039e+03
-4.380134656695880039e+03
-4.380134656695880039e+03
-4.380134656695880039e+03
-4.380134656695880039e+03
-4.380193263475690401e+03
-4.380193263475690401e+03
-4.380124390743710137e+03
-4.380124390743710137e+03
-4.380140175038040070e+03
-4.380123321670589576e+03
-4.380118005516909761e+03
-4.380118005516909761e+03
-4.380167894533519757e+03
-4.380254396695650030e+03
-4.380254396695650030e+03
-4.380254396695650030e+03
-4.380254396695650030e+03
-4.380254396695650030e+03
-4.380254396695650030e+03
-4.380254396695650030e+03
-4.380254396695650030e+03
-4.380254396695650030e+03
-4.380359850587439723e+03
-4.380359850587439723e+03
-4.380359850587439723e+03
-4.380359850587439723e+03
-4.380359850587439723e+03
-4.380330524310889814e+03
-4.380314332137370002e+03
-4.380262702390339655e+03
-4.380262702390339655e+03
-4.380349468752389839e+03
-4.380349468752389839e+03
-4.380349468752389839e+03
-4.380349538017259874e+03
-4.380180265825760216e+03
-4.380180265825760216e+03
-4.380180265825760216e+03
-4.380221657692900408e+03
-4.380366364436219556e+03
-4.380366364436219556e+03
-4.380366364436219556e+03
-4.380366364436219556e+03
-4.380366364436219556e+03
-4.380366364436219556e+03
-4.380366364436219556e+03
-4.380366364436219556e+03
-4.380366364436219556e+03
-4.380012455990399758e+03
-4.380012455990399758e+03
-4.380105090975979692e+03
-4.379897341470399624e+03
-4.379897341470399624e+03
-4.379985055765039760e+03
-4.379985055765039760e+03
-4.379985055765039760e+03
-4.380258950011109846e+03
-4.380375270875219940e+03
-4.380375270875219940e+03
-4.380375270875219940e+03
-4.380375270875219940e+03
-4.380375270875219940e+03
-4.380375270875219940e+03
-4.380375270875219940e+03
-4.380375270875219940e+03
-4.380157852447559890e+03
-4.380157852447559890e+03
-4.380157852447559890e+03
-4.380157852447559890e+03
-4.380157852447559890e+03
-4.380157852447559890e+03
-4.380157852447559890e+03
-4.380204092523120380e+03
-4.380204092523120380e+03
-4.380204092523120380e+03
-4.380204092523120380e+03
-4.380204092523120380e+03
-4.380204092523120380e+03
-4.380204092523120380e+03
-4.380232091017630410e+03
-4.380306853747340028e+03
-4.380306853747340028e+03
-4.380334757109229940e+03
-4.380353520189850315e+03
-4.380353520189850315e+03
-4.380353520189850315e+03
-4.380353520189850315e+03
-4.380353520189850315e+03
-4.380428822388200388e+03
-4.380428822388200388e+03
-4.380401507632280300e+03
-4.380286773797230126e+03
-4.380286773797230126e+03
-4.380264943111439607e+03
-4.380264943111439607e+03
-4.380264943111439607e+03
-4.380264943111439607e+03
-4.380264943111439607e+03
-4.380264943111439607e+03
-4.380264943111439607e+03
-4.380264943111439607e+03
-4.380264943111439607e+03
-4.380205053470240273e+03
-4.380205053470240273e+03
-4.380205053470240273e+03
-4.380205053470240273e+03
-4.380246056189609590e+03
-4.380257236404770083e+03
-4.380257236404770083e+03
-4.380257236404770083e+03
-4.380221667797120062e+03
-4.380221667797120062e+03
-4.380137533720319880e+03
-4.379850598415129753e+03
-4.380143054712630146e+03
-4.380143054712630146e+03
-4.380143054712630146e+03
-4.380226923902459930e+03
-4.380427900706369655e+03
-4.380427900706369655e+03
-4.380334232291439548e+03
-4.380334232291439548e+03
-4.380289002314500067e+03
-4.380090881200920194e+03
-4.380090881200920194e+03
-4.380085716882919769e+03
-4.380085716882919769e+03
-4.380085716882919769e+03
-4.380100546907559874e+03
-4.379938846010670204e+03
-4.379938846010670204e+03
-4.379938846010670204e+03
-4.379938846010670204e+03
-4.379938846010670204e+03
-4.379740311578410001e+03
-4.379740311578410001e+03
-4.379740311578410001e+03
-4.379765906743139567e+03
-4.379765906743139567e+03
-4.379765906743139567e+03
-4.379765906743139567e+03
-4.379810046109920222e+03
-4.379810046109920222e+03
-4.379810046109920222e+03
-4.379792933716739753e+03
-4.379437508354089914e+03
-4.379596342679699774e+03
-4.379596342679699774e+03
-4.379596342679699774e+03
-4.379704232139760279e+03
-4.379704232139760279e+03
-4.379568416206830079e+03
-4.379568416206830079e+03
-4.379249442048870151e+03
-4.379249442048870151e+03
-4.379249442048870151e+03
-4.379303824137569791e+03
-4.379325341690489950e+03
-4.379266067006139565e+03
-4.379266067006139565e+03
-4.379266067006139565e+03
-4.379481327526549649e+03
-4.379481327526549649e+03
-4.379511098568799753e+03
-4.379569705970439827e+03
-4.379570566576639976e+03
-4.379570566576639976e+03
-4.379570566576639976e+03
-4.379570566576639976e+03
-4.379570566576639976e+03
-4.379570566576639976e+03
-4.379559701212710024e+03
-4.379559701212710024e+03
-4.379455711350439742e+03
-4.379679465183009597e+03
-4.379679465183009597e+03
-4.379679465183009597e+03
-4.379812748433750130e+03
-4.379812748433750130e+03
-4.379796861564100254e+03
-4.380018447910740178e+03
-4.380113893860329881e+03
-4.380206201682770370e+03
-4.380206201682770370e+03
-4.379986685386749741e+03
-4.379986685386749741e+03
-4.379942900770280175e+03
-4.379942900770280175e+03
-4.379942900770280175e+03
-4.379942900770280175e+03
-4.379942900770280175e+03
-4.379942900770280175e+03
-4.379942900770280175e+03
-4.379942900770280175e+03
-4.379987848624359685e+03
-4.379807272264400126e+03
-4.379807272264400126e+03
-4.379693813635560218e+03
-4.379693813635560218e+03
-4.379705807339560124e+03
-4.379668427921439616e+03
-4.379755881530139959e+03
-4.379755881530139959e+03
-4.379755881530139959e+03
-4.379755881530139959e+03
-4.379755881530139959e+03
-4.379755881530139959e+03
-4.379755881530139959e+03
-4.379755881530139959e+03
-4.379755881530139959e+03
-4.379755881530139959e+03
-4.379755881530139959e+03
-4.379755881530139959e+03
-4.379755881530139959e+03
-4.379755881530139959e+03
-4.379532829271730407e+03
-4.379532829271730407e+03
-4.379532829271730407e+03
-4.379710636928180065e+03
-4.379709948905920101e+03
-4.379709948905920101e+03
-4.379934627556390296e+03
-4.379934627556390296e+03
-4.379934627556390296e+03
-4.379934627556390296e+03
-4.379934627556390296e+03
-4.379593304250250185e+03
-4.379647888652209986e+03
-4.379635256496980219e+03
-4.379635256496980219e+03
-4.379653728508779750e+03
-4.379653728508779750e+03
-4.379653728508779750e+03
-4.379653728508779750e+03
-4.379892131420329861e+03
-4.379870603028030018e+03
-4.379870603028030018e+03
-4.379870603028030018e+03
-4.379870603028030018e+03
-4.379853658664160321e+03
-4.379810011350899913e+03
-4.379744176486949982e+03
-4.379744176486949982e+03
-4.379802702048719766e+03
-4.379802702048719766e+03
-4.379802702048719766e+03
-4.379802702048719766e+03
-4.379802702048719766e+03
-4.379802702048719766e+03
-4.379802702048719766e+03
-4.379802702048719766e+03
-4.379802702048719766e+03
-4.379802702048719766e+03
-4.379713797584779968e+03
-4.379635290441619873e+03
-4.379632980851930370e+03
-4.379601788311339988e+03
-4.379601788311339988e+03
-4.379601788311339988e+03
-4.379601788311339988e+03
-4.379601788311339988e+03
-4.379514277115239565e+03
-4.379584090866330371e+03
-4.379584090866330371e+03
-4.379283603137449973e+03
-4.379283603137449973e+03
-4.379283603137449973e+03
-4.379226248632469833e+03
-4.379226248632469833e+03
-4.379012610244860298e+03
-4.379012610244860298e+03
-4.379012610244860298e+03
-4.378810572723829864e+03
-4.378766786733120171e+03
-4.378766786733120171e+03
-4.378766786733120171e+03
-4.378766786733120171e+03
-4.378766786733120171e+03
-4.378691340803129606e+03
-4.378730439694730194e+03
-4.378863276846520421e+03
-4.378863276846520421e+03
-4.378863276846520421e+03
-4.378863276846520421e+03
-4.379103293044800012e+03
-4.379103293044800012e+03
-4.378993689089240434e+03
-4.378993689089240434e+03
-4.378993689089240434e+03
-4.378993689089240434e+03
-4.378993689089240434e+03
-4.378993689089240434e+03
-4.378993689089240434e+03
-4.378993689089240434e+03
-4.378993689089240434e+03
-4.378993689089240434e+03
-4.378993689089240434e+03
-4.378701916875320421e+03
-4.378517270600739721e+03
-4.378509268798849916e+03
-4.378509268798849916e+03
-4.378509268798849916e+03
-4.378509268798849916e+03
-4.378647304484899905e+03
-4.378674172119809555e+03
-4.378674172119809555e+03
-4.378674172119809555e+03
-4.378674172119809555e+03
-4.378674172119809555e+03
-4.378674172119809555e+03
-4.378708788348149938e+03
-4.378708788348149938e+03
-4.378708788348149938e+03
-4.378708788348149938e+03
-4.378783383402370418e+03
-4.378783383402370418e+03
-4.378783383402370418e+03
-4.378783383402370418e+03
-4.378783383402370418e+03
-4.378784527204559708e+03
-4.378674665193119836e+03
-4.378646977460760354e+03
-4.378646977460760354e+03
-4.378646977460760354e+03
-4.378646977460760354e+03
-4.378646977460760354e+03
-4.378646977460760354e+03
-4.378858611298779579e+03
-4.378858611298779579e+03
-4.378837409291400036e+03
-4.378837409291400036e+03
-4.378837409291400036e+03
-4.378837409291400036e+03
-4.378837409291400036e+03
-4.378837409291400036e+03
-4.378837409291400036e+03
-4.378837409291400036e+03
-4.378837409291400036e+03
-4.378837409291400036e+03
-4.378837409291400036e+03
-4.378837409291400036e+03
-4.378837409291400036e+03
-4.378837409291400036e+03
-4.378837409291400036e+03
-4.378837409291400036e+03
-4.378837409291400036e+03
-4.378837409291400036e+03
-4.378770534392439913e+03
-4.378791469307279840e+03
-4.378770616514820176e+03
-4.378770616514820176e+03
-4.378780941675760005e+03
-4.378780941675760005e+03
-4.378663308713979859e+03
-4.378717478805259816e+03
-4.378716122948720113e+03
-4.378691762776739779e+03
-4.378691762776739779e+03
-4.378691762776739779e+03
-4.378561539198460196e+03
-4.378561539198460196e+03
-4.378452217525239575e+03
-4.378452217525239575e+03
-4.378452217525239575e+03
-4.378274425981119748e+03
-4.378274425981119748e+03
-4.378274425981119748e+03
-4.378274425981119748e+03
-4.378274425981119748e+03
-4.378160391916249864e+03
-4.378136576837399843e+03
-4.378136576837399843e+03
-4.378136576837399843e+03
-4.378121147542379731e+03
-4.378121147542379731e+03
-4.378121147542379731e+03
-4.378121147542379731e+03
-4.378326790019989858e+03
-4.378326790019989858e+03
-4.378349602522440364e+03
-4.378321247512490118e+03
-4.378321247512490118e+03
-4.378322594509359988e+03
-4.378322594509359988e+03
-4.378322594509359988e+03
-4.378322594509359988e+03
-4.378352676534799684e+03
-4.378352676534799684e+03
-4.378352676534799684e+03
-4.378337132793350065e+03
-4.378342145881239958e+03
-4.378272652574550193e+03
-4.378272652574550193e+03
-4.378272652574550193e+03
-4.378272652574550193e+03
-4.378272652574550193e+03
-4.378272652574550193e+03
-4.378272652574550193e+03
-4.378106063894209910e+03
-4.378055104577960265e+03
-4.377955528746409982e+03
-4.378060511077100273e+03
-4.378031976794390175e+03
-4.378106274107050012e+03
-4.378156411939789905e+03
-4.378156411939789905e+03
-4.378347479318639671e+03
-4.378347479318639671e+03
-4.378347479318639671e+03
-4.378407031741289757e+03
-4.378433325162919573e+03
-4.378433325162919573e+03
-4.378433325162919573e+03
-4.378433325162919573e+03
-4.378433325162919573e+03
-4.378513081652719848e+03
-4.378513081652719848e+03
-4.378513081652719848e+03
-4.378513081652719848e+03
-4.378513081652719848e+03
-4.378513081652719848e+03
-4.378513081652719848e+03
-4.378513081652719848e+03
-4.378513081652719848e+03
-4.378513081652719848e+03
-4.378513081652719848e+03
-4.378513081652719848e+03
-4.378517187245740388e+03
-4.378532008521189709e+03
-4.378657913735720285e+03
-4.378657913735720285e+03
-4.378619433524529995e+03
-4.378619433524529995e+03
-4.378619433524529995e+03
-4.378619433524529995e+03
-4.378619433524529995e+03
-4.378502913711929978e+03
-4.378390624843350452e+03
-4.378390624843350452e+03
-4.378390624843350452e+03
-4.378412720953359894e+03
-4.378345716666969565e+03
-4.378484716802609910e+03
-4.378484716802609910e+03
-4.378484716802609910e+03
-4.378517051669409739e+03
-4.378517051669409739e+03
-4.378517051669409739e+03
-4.378485382455949548e+03
-4.378330148367160291e+03
-4.378199316897040262e+03
-4.378164989047239942e+03
-4.378164989047239942e+03
-4.378164989047239942e+03
-4.378186379624149595e+03
-4.378186379624149595e+03
-4.378233044169500317e+03
-4.378233044169500317e+03
-4.378233044169500317e+03
-4.378233044169500317e+03
-4.378233044169500317e+03
-4.378235003432049780e+03
-4.378235003432049780e+03
-4.378256763852279619e+03
-4.378234419935910410e+03
-4.377996072246110089e+03
-4.378081324154540198e+03
-4.378081324154540198e+03
-4.378081324154540198e+03
-4.378081324154540198e+03
-4.377907962325980407e+03
-4.377907962325980407e+03
-4.377907962325980407e+03
-4.377907962325980407e+03
-4.377907962325980407e+03
-4.378036302010469626e+03
-4.377812604329190435e+03
-4.377776908085260402e+03
-4.377776908085260402e+03
-4.377776908085260402e+03
-4.377776908085260402e+03
-4.377893039195610072e+03
-4.377893039195610072e+03
-4.377953802433409692e+03
-4.377953802433409692e+03
-4.377953802433409692e+03
-4.377953802433409692e+03
-4.377953802433409692e+03
-4.377953802433409692e+03
-4.377953802433409692e+03
-4.377953802433409692e+03
-4.377953802433409692e+03
-4.377817870340630179e+03
-4.377817870340630179e+03
-4.377817870340630179e+03
-4.377817870340630179e+03
-4.377817870340630179e+03
-4.377817870340630179e+03
-4.377817870340630179e+03
-4.377817870340630179e+03
-4.377776824011880308e+03
-4.377750018603879653e+03
-4.377750018603879653e+03
-4.377750018603879653e+03
-4.377750018603879653e+03
-4.377967630886660118e+03
-4.377991497571630134e+03
-4.378031218350260133e+03
-4.378106396788930397e+03
-4.378107134599549681e+03
-4.378107134599549681e+03
-4.378107134599549681e+03
-4.378133088296630376e+03
-4.378133088296630376e+03
-4.378133088296630376e+03
-4.378133088296630376e+03
-4.378133088296630376e+03
-4.378067869168039579e+03
-4.378067869168039579e+03
-4.378067869168039579e+03
-4.378067869168039579e+03
-4.378067869168039579e+03
-4.378067869168039579e+03
-4.378122529636039872e+03
-4.378276743501500277e+03
-4.378367172452600244e+03
-4.378367172452600244e+03
-4.378477248174160195e+03
-4.378477248174160195e+03
-4.378434426034140415e+03
-4.378434426034140415e+03
-4.378329098045759565e+03
-4.378383117141500406e+03
-4.378373008926590046e+03
-4.378373008926590046e+03
-4.378491800794899973e+03
-4.378264743474320312e+03
-4.378253542430809830e+03
-4.378093755647199941e+03
-4.378093755647199941e+03
-4.378093755647199941e+03
-4.378093755647199941e+03
-4.378093755647199941e+03
-4.377911470942330197e+03
-4.377911470942330197e+03
-4.377911470942330197e+03
-4.377911470942330197e+03
-4.377911470942330197e+03
-4.377747426550829914e+03
-4.377820352930750232e+03
-4.377820352930750232e+03
-4.377820352930750232e+03
-4.377820352930750232e+03
-4.377820352930750232e+03
-4.377820352930750232e+03
-4.377866042494630165e+03
-4.377866042494630165e+03
-4.377866042494630165e+03
-4.377866042494630165e+03
-4.377920953868700053e+03
-4.377920953868700053e+03
-4.377920953868700053e+03
-4.377920953868700053e+03
-4.377874714925350418e+03
-4.377874714925350418e+03
-4.377730771115539937e+03
-4.377820953558920337e+03
-4.377820953558920337e+03
-4.377820953558920337e+03
-4.377820953558920337e+03
-4.377820953558920337e+03
-4.377747535624490411e+03
-4.377747535624490411e+03
-4.377720257949819825e+03
-4.377746281705350157e+03
-4.377592554741539971e+03
-4.377592554741539971e+03
-4.377589453647869959e+03
-4.377589453647869959e+03
-4.377589453647869959e+03
-4.377537138798629712e+03
-4.377524768148519797e+03
-4.377398323731130404e+03
-4.377398323731130404e+03
-4.377320993373449710e+03
-4.377141959608189609e+03
-4.377206466633690070e+03
-4.377201229143090131e+03
-4.377261419479759752e+03
-4.377261419479759752e+03
-4.377208004185609752e+03
-4.377208004185609752e+03
-4.377208004185609752e+03
-4.377208004185609752e+03
-4.377142064981860131e+03
-4.377142064981860131e+03
-4.377114542698420337e+03
-4.377114542698420337e+03
-4.377114542698420337e+03
-4.377149524063689569e+03
-4.377149524063689569e+03
-4.377149524063689569e+03
-4.377205394315649755e+03
-4.377205394315649755e+03
-4.377073470397220262e+03
-4.377073470397220262e+03
-4.377073470397220262e+03
-4.377073470397220262e+03
-4.377073470397220262e+03
-4.377073470397220262e+03
-4.377094608007029819e+03
-4.377060181476809703e+03
-4.377060181476809703e+03
-4.377060181476809703e+03
-4.377263429071180326e+03
-4.377263429071180326e+03
-4.377263429071180326e+03
-4.377263429071180326e+03
-4.377419862017590276e+03
-4.377424370798289601e+03
-4.377424370798289601e+03
-4.377430069769439797e+03
-4.377374055144199701e+03
-4.377374055144199701e+03
-4.377374055144199701e+03
-4.377374055144199701e+03
-4.377323257776910395e+03
-4.377323257776910395e+03
-4.377323257776910395e+03
-4.377323257776910395e+03
-4.377347990092050168e+03
-4.377409070186559802e+03
-4.377409070186559802e+03
-4.377409070186559802e+03
-4.377409070186559802e+03
-4.377409070186559802e+03
-4.377541886845980116e+03
-4.377693248641149694e+03
-4.377665682395469958e+03
-4.377665682395469958e+03
-4.377689298974680241e+03
-4.377650786350110138e+03
-4.377650786350110138e+03
-4.377650786350110138e+03
-4.377729327727989585e+03
-4.377729327727989585e+03
-4.377729327727989585e+03
-4.377797241203709746e+03
-4.377797241203709746e+03
-4.377801016115329730e+03
-4.377801016115329730e+03
-4.377717412915450041e+03
-4.377717412915450041e+03
-4.377717412915450041e+03
-4.377717412915450041e+03
-4.377717412915450041e+03
-4.377626692470080343e+03
-4.377626692470080343e+03
-4.377626692470080343e+03
-4.377700543858400124e+03
-4.377829876456329657e+03
-4.377829876456329657e+03
-4.377829876456329657e+03
-4.377829876456329657e+03
-4.377701736955749766e+03
-4.377659125118039810e+03
-4.377659125118039810e+03
-4.377659125118039810e+03
-4.377659125118039810e+03
-4.377699630561360209e+03
-4.377699630561360209e+03
-4.377689010051690275e+03
-4.377728261631769783e+03
-4.377728261631769783e+03
-4.377728261631769783e+03
-4.377728261631769783e+03
-4.377728261631769783e+03
-4.377728261631769783e+03
-4.377728261631769783e+03
-4.377728261631769783e+03
-4.377899129627269758e+03
-4.377929179519799618e+03
-4.377929179519799618e+03
-4.377929179519799618e+03
-4.377929179519799618e+03
-4.377829876508870257e+03
-4.377857637786350097e+03
-4.377966671530970416e+03
-4.377872364784239835e+03
-4.377872364784239835e+03
-4.377872364784239835e+03
-4.377872364784239835e+03
-4.377872364784239835e+03
-4.377872364784239835e+03
-4.377872364784239835e+03
-4.377872364784239835e+03
-4.377872364784239835e+03
-4.377872364784239835e+03
-4.377689016399030152e+03
-4.377689016399030152e+03
-4.377530985591570243e+03
-4.377533309296870357e+03
-4.377324806705029914e+03
-4.377047950940560440e+03
-4.377047950940560440e+03
-4.377047950940560440e+03
-4.377076554370610211e+03
-4.377345997600769806e+03
-4.377345997600769806e+03
-4.377345997600769806e+03
-4.377345997600769806e+03
-4.377350808210770083e+03
-4.377350808210770083e+03
-4.377350808210770083e+03
-4.377350808210770083e+03
-4.377338917998619763e+03
-4.377210808310649554e+03
-4.377210808310649554e+03
-4.377245738536110366e+03
-4.377209257425910437e+03
-4.377209257425910437e+03
-4.377209257425910437e+03
-4.377021881247709644e+03
-4.377021881247709644e+03
-4.377131647659520240e+03
-4.377303229683589961e+03
-4.377303229683589961e+03
-4.377441867156880107e+03
-4.377662700759869949e+03
-4.377363018785170425e+03
-4.377363018785170425e+03
-4.377285551991850298e+03
-4.377314502837270084e+03
-4.377314502837270084e+03
-4.377314502837270084e+03
-4.377516575063439632e+03
-4.377516575063439632e+03
-4.377845176426760190e+03
-4.377841276095139619e+03
-4.377841276095139619e+03
-4.377769691292790412e+03
-4.377769691292790412e+03
-4.377769691292790412e+03
-4.377769691292790412e+03
-4.377769691292790412e+03
-4.377769691292790412e+03
-4.377610046074430102e+03
-4.377673543642090408e+03
-4.377673543642090408e+03
-4.377673543642090408e+03
-4.377673543642090408e+03
-4.377673543642090408e+03
-4.377673543642090408e+03
-4.377673543642090408e+03
-4.377673543642090408e+03
-4.377673543642090408e+03
-4.377673543642090408e+03
-4.377673543642090408e+03
-4.377692780288100039e+03
-4.377692780288100039e+03
-4.377692780288100039e+03
-4.377738502738739953e+03
-4.377738502738739953e+03
-4.377738502738739953e+03
-4.377738502738739953e+03
-4.377681609233240124e+03
-4.377681609233240124e+03
-4.377681609233240124e+03
-4.377681609233240124e+03
-4.377851907269880030e+03
-4.377851907269880030e+03
-4.377900106681039688e+03
-4.377960499890809842e+03
-4.377867610082699684e+03
-4.377827905447060402e+03
-4.377827905447060402e+03
-4.377827905447060402e+03
-4.377827905447060402e+03
-4.377827905447060402e+03
-4.377938238901509976e+03
-4.377938238901509976e+03
-4.377938238901509976e+03
-4.377938238901509976e+03
-4.377830213812880174e+03
-4.377830213812880174e+03
-4.377801777589000267e+03
-4.377801777589000267e+03
-4.377926356403740101e+03
-4.377926356403740101e+03
-4.377701332814620400e+03
-4.377701332814620400e+03
-4.377701332814620400e+03
-4.377711077215700243e+03
-4.377747858019320120e+03
-4.377747858019320120e+03
-4.377692752650509647e+03
-4.377554997687079776e+03
-4.377582988392019615e+03
-4.377582988392019615e+03
-4.377416450983409959e+03
-4.377416450983409959e+03
-4.377416450983409959e+03
-4.377504428488970007e+03
-4.377573372012139771e+03
-4.377678551688840344e+03
-4.377319717889539788e+03
-4.377020089519989597e+03
-4.377020089519989597e+03
-4.377182834963249661e+03
-4.377182834963249661e+03
-4.377182834963249661e+03
-4.376834802560540084e+03
-4.377021426491100101e+03
-4.377024805936290250e+03
-4.377024805936290250e+03
-4.376994693594960154e+03
-4.376894766047040321e+03
-4.377070547232019635e+03
-4.377119019460599702e+03
-4.377119019460599702e+03
-4.377053092839109922e+03
-4.377053092839109922e+03
-4.377053092839109922e+03
-4.377053092839109922e+03
-4.377123396970760041e+03
-4.377123396970760041e+03
-4.377148926531430334e+03
-4.377148926531430334e+03
-4.377148926531430334e+03
-4.377148926531430334e+03
-4.377148926531430334e+03
-4.377020268189169656e+03
-4.377020268189169656e+03
-4.377020268189169656e+03
-4.377181561834269814e+03
-4.377181561834269814e+03
-4.377299898928389666e+03
-4.377299898928389666e+03
-4.377299898928389666e+03
-4.377258541716690161e+03
-4.377258541716690161e+03
-4.377258541716690161e+03
-4.377258541716690161e+03
-4.377075182186309576e+03
-4.377137328654899648e+03
-4.377137328654899648e+03
-4.377137328654899648e+03
-4.377137328654899648e+03
-4.377137328654899648e+03
-4.377274969348060040e+03
-4.377284864529399783e+03
-4.377336389829690233e+03
-4.377336389829690233e+03
-4.377336389829690233e+03
-4.377261822926549939e+03
-4.377261822926549939e+03
-4.377510915858760200e+03
-4.377326088708069619e+03
-4.377401284721059710e+03
-4.377401284721059710e+03
-4.377401284721059710e+03
-4.377401284721059710e+03
-4.377401284721059710e+03
-4.377401284721059710e+03
-4.377242385101330001e+03
-4.377205990017439944e+03
-4.377205990017439944e+03
-4.377205990017439944e+03
-4.377205990017439944e+03
-4.377205990017439944e+03
-4.377205990017439944e+03
-4.377205990017439944e+03
-4.377220390229469558e+03
-4.377236096301369798e+03
-4.377236096301369798e+03
-4.377236096301369798e+03
-4.377236096301369798e+03
-4.377259394448939929e+03
-4.377259394448939929e+03
-4.377259394448939929e+03
-4.377289479259179643e+03
-4.377289479259179643e+03
-4.377289479259179643e+03
-4.377289479259179643e+03
-4.377501636008330024e+03
-4.377501636008330024e+03
-4.377721937954769601e+03
-4.378034960119989591e+03
-4.378034960119989591e+03
-4.378192107596830283e+03
-4.378254199491590043e+03
-4.378364301697660267e+03
-4.378364301697660267e+03
-4.378364301697660267e+03
-4.378364301697660267e+03
-4.378364301697660267e+03
-4.378364301697660267e+03
-4.378348391535850169e+03
-4.378348391535850169e+03
-4.378379216687920234e+03
-4.378379216687920234e+03
-4.378386627698960183e+03
-4.378386627698960183e+03
-4.378085985828360208e+03
-4.378085985828360208e+03
-4.378085985828360208e+03
-4.378085985828360208e+03
-4.378057153321759870e+03
-4.378057153321759870e+03
-4.378057153321759870e+03
-4.378057153321759870e+03
-4.378057153321759870e+03
-4.378056397460059998e+03
-4.377986908596240028e+03
-4.377986908596240028e+03
-4.378044453276979766e+03
-4.378044453276979766e+03
-4.378284087018970240e+03
-4.378319719134689876e+03
-4.378185278808269686e+03
-4.378185278808269686e+03
-4.378134404145530425e+03
-4.378174988720469628e+03
-4.378129695108679698e+03
-4.378129695108679698e+03
-4.378129695108679698e+03
-4.378192773035690152e+03
-4.378192773035690152e+03
-4.378192773035690152e+03
-4.378192773035690152e+03
-4.378192773035690152e+03
-4.378169215470140443e+03
-4.378169215470140443e+03
-4.378169215470140443e+03
-4.378169215470140443e+03
-4.378169215470140443e+03
-4.378169215470140443e+03
-4.378283022290969711e+03
-4.378283022290969711e+03
-4.378283022290969711e+03
-4.378283022290969711e+03
-4.378286316262669970e+03
-4.378285816382270241e+03
-4.378285816382270241e+03
-4.378285816382270241e+03
-4.378206277302930175e+03
-4.378147435229990151e+03
-4.378031466486650061e+03
-4.378031466486650061e+03
-4.378031466486650061e+03
-4.378031466486650061e+03
-4.378050899803100037e+03
-4.378050899803100037e+03
-4.378050899803100037e+03
-4.378050899803100037e+03
-4.378050899803100037e+03
-4.378050899803100037e+03
-4.378021705817350266e+03
-4.377975157077279619e+03
-4.377887351778250377e+03
-4.377887351778250377e+03
-4.377887351778250377e+03
-4.377837437467989730e+03
-4.377837437467989730e+03
-4.377837437467989730e+03
-4.377837437467989730e+03
-4.377934411949930109e+03
-4.377934411949930109e+03
-4.377934411949930109e+03
-4.377934411949930109e+03
-4.377934411949930109e+03
-4.378212966561760368e+03
-4.378212966561760368e+03
-4.378258935384919823e+03
-4.378186555631849842e+03
-4.378186555631849842e+03
-4.378186555631849842e+03
-4.378186555631849842e+03
-4.378186555631849842e+03
-4.377903336702210254e+03
-4.377903336702210254e+03
-4.377904609642389914e+03
-4.377904609642389914e+03
-4.377920444581520314e+03
-4.377920444581520314e+03
-4.377920444581520314e+03
-4.377920444581520314e+03
-4.377920444581520314e+03
-4.377920444581520314e+03
-4.377920444581520314e+03
-4.377920444581520314e+03
-4.377920444581520314e+03
-4.377920444581520314e+03
-4.377920444581520314e+03
-4.377984589307870010e+03
-4.377984589307870010e+03
-4.377984589307870010e+03
-4.377984589307870010e+03
-4.378025864681269923e+03
-4.377833804927819983e+03
-4.377833804927819983e+03
-4.377833804927819983e+03
-4.377833804927819983e+03
-4.377878956535309953e+03
-4.377816144536050160e+03
-4.377816384062840370e+03
-4.377816384062840370e+03
-4.377816384062840370e+03
-4.377816384062840370e+03
-4.377925489892149926e+03
-4.377925489892149926e+03
-4.377925489892149926e+03
-4.377925489892149926e+03
-4.377804663605529640e+03
-4.377835159185439807e+03
-4.377650138689020423e+03
-4.377650138689020423e+03
-4.377650138689020423e+03
-4.377628777738529607e+03
-4.377376329024929873e+03
-4.377611275352740449e+03
-4.377595794537160145e+03
-4.377595794537160145e+03
-4.377595794537160145e+03
-4.377595794537160145e+03
-4.377581397404609561e+03
-4.377581397404609561e+03
-4.377581397404609561e+03
-4.377581397404609561e+03
-4.377477067759819874e+03
-4.377438635169130066e+03
-4.377438635169130066e+03
-4.377474058382409567e+03
-4.377531204698500005e+03
-4.377408304151370430e+03
-4.377408304151370430e+03
-4.377348017640910257e+03
-4.377348017640910257e+03
-4.377210262600019632e+03
-4.377120652098179562e+03
-4.377120652098179562e+03
-4.377141414699939560e+03
-4.377141414699939560e+03
-4.377141414699939560e+03
-4.377181112046019734e+03
-4.377139055298660423e+03
-4.377139055298660423e+03
-4.377139055298660423e+03
-4.377139055298660423e+03
-4.377139055298660423e+03
-4.377139055298660423e+03
-4.377239009218869796e+03
-4.377239009218869796e+03
-4.377413447824649666e+03
-4.377413447824649666e+03
-4.377413447824649666e+03
-4.377413447824649666e+03
-4.377413447824649666e+03
-4.377413447824649666e+03
-4.377385915493729954e+03
-4.377385915493729954e+03
-4.377451949791849984e+03
-4.377451949791849984e+03
-4.377451949791849984e+03
-4.377423573228469650e+03
-4.377423573228469650e+03
-4.377423573228469650e+03
-4.377423573228469650e+03
-4.377533701751859553e+03
-4.377624955530270199e+03
-4.377624955530270199e+03
-4.377624955530270199e+03
-4.377624955530270199e+03
-4.377624955530270199e+03
-4.377624955530270199e+03
-4.377770238124199750e+03
-4.377698543783820242e+03
-4.377698543783820242e+03
-4.377698543783820242e+03
-4.377702762335129592e+03
-4.377707234847839572e+03
-4.377707234847839572e+03
-4.377707234847839572e+03
-4.377707234847839572e+03
-4.377707234847839572e+03
-4.377707234847839572e+03
-4.377707234847839572e+03
-4.377778059470239896e+03
-4.377778059470239896e+03
-4.377874352064590312e+03
-4.377874352064590312e+03
-4.377874352064590312e+03
-4.377874352064590312e+03
-4.377874352064590312e+03
-4.377874352064590312e+03
-4.377874352064590312e+03
-4.377866637535659720e+03
-4.378086542750010267e+03
-4.378009602495470062e+03
-4.378009602495470062e+03
-4.378009602495470062e+03
-4.378019042702570005e+03
-4.377780025131310140e+03
-4.377780025131310140e+03
-4.377780025131310140e+03
-4.377780025131310140e+03
-4.377859345179190314e+03
-4.377859345179190314e+03
-4.377842844622009579e+03
-4.377842844622009579e+03
-4.377842844622009579e+03
-4.377794570377580385e+03
-4.377811701526899924e+03
-4.377748516413509606e+03
-4.377878584312919884e+03
-4.377878584312919884e+03
-4.378031476218679927e+03
-4.378031476218679927e+03
-4.378152654205659928e+03
-4.378201714330350114e+03
-4.378201714330350114e+03
-4.378201714330350114e+03
-4.378201714330350114e+03
-4.378042136885390391e+03
-4.378042136885390391e+03
-4.378042136885390391e+03
-4.378042136885390391e+03
-4.378042136885390391e+03
-4.378053014929269921e+03
-4.378053014929269921e+03
-4.378053014929269921e+03
-4.378053014929269921e+03
-4.377991776239209685e+03
-4.377992851584580421e+03
-4.377947510677489845e+03
-4.377947510677489845e+03
-4.377947510677489845e+03
-4.377947510677489845e+03
-4.377924350159119967e+03
-4.378013560624090132e+03
-4.377751008000390357e+03
-4.377644988826709778e+03
-4.377644988826709778e+03
-4.377644988826709778e+03
-4.377471482452900091e+03
-4.377488807252870174e+03
-4384.57683657595
