-4.365301826657319907e+03
-4.365301826657319907e+03
-4.365342107629890052e+03
-4.365342107629890052e+03
-4.365573071751169664e+03
-4.365573071751169664e+03
-4.365613680508309699e+03
-4.365669185697310240e+03
-4.365541662034749606e+03
-4.365664893477210171e+03
-4.365743011581110295e+03
-4.365846758996240169e+03
-4.366072420379899995e+03
-4.366197215224659885e+03
-4.366551071046989819e+03
-4.366551071046989819e+03
-4.366766261693520391e+03
-4.366766261693520391e+03
-4.366766261693520391e+03
-4.366766261693520391e+03
-4.367094892379170233e+03
-4.367115668370100138e+03
-4.367405211806760235e+03
-4.367460527595590065e+03
-4.367460527595590065e+03
-4.367460527595590065e+03
-4.367624469139250323e+03
-4.367624469139250323e+03
-4.367799870022319737e+03
-4.367799870022319737e+03
-4.367799870022319737e+03
-4.367850336809029614e+03
-4.367850336809029614e+03
-4.367850336809029614e+03
-4.367850336809029614e+03
-4.367850336809029614e+03
-4.368136759281080231e+03
-4.368136759281080231e+03
-4.368136759281080231e+03
-4.368136759281080231e+03
-4.368229040641929714e+03
-4.368229040641929714e+03
-4.368391369395570109e+03
-4.368324405321720405e+03
-4.368629409417800161e+03
-4.368788391132959987e+03
-4.368788391132959987e+03
-4.369000423298110036e+03
-4.369000423298110036e+03
-4.368941630386099860e+03
-4.369182492878029734e+03
-4.369278456763659960e+03
-4.369409185334049653e+03
-4.369418950556289928e+03
-4.369418950556289928e+03
-4.369418950556289928e+03
-4.369418950556289928e+03
-4.369418950556289928e+03
-4.369502164476900361e+03
-4.369502164476900361e+03
-4.369502164476900361e+03
-4.369495391441680113e+03
-4.369495391441680113e+03
-4.369606227993899665e+03
-4.369783193082180333e+03
-4.369747843596180246e+03
-4.369747843596180246e+03
-4.369747843596180246e+03
-4.369739563663300032e+03
-4.369739563663300032e+03
-4.369862998513010098e+03
-4.369862998513010098e+03
-4.369851721682300195e+03
-4.369898805859959793e+03
-4.369873549027700392e+03
-4.369873549027700392e+03
-4.370073039989320023e+03
-4.370001175465519736e+03
-4.370128926923130166e+03
-4.370154823116519765e+03
-4.370154823116519765e+03
-4.370154823116519765e+03
-4.370353189478570130e+03
-4.370353189478570130e+03
-4.370701201031650271e+03
-4.370769407374269576e+03
-4.370833608989069944e+03
-4.370833608989069944e+03
-4.370949367434420310e+03
-4.371063114857720393e+03
-4.371045543560169790e+03
-4.371381459682749664e+03
-4.371534430100099598e+03
-4.371465772904950427e+03
-4.371465772904950427e+03
-4.371465772904950427e+03
-4.371509484126489951e+03
-4.371602881398520367e+03
-4.371602881398520367e+03
-4.371602881398520367e+03
-4.371602881398520367e+03
-4.371602881398520367e+03
-4.371602881398520367e+03
-4.371485830045359762e+03
-4.371485830045359762e+03
-4.371485830045359762e+03
-4.371485830045359762e+03
-4.371414171635009552e+03
-4.371414171635009552e+03
-4.371383924880849918e+03
-4.371367500029179610e+03
-4.371408358587200382e+03
-4.371406067537759554e+03
-4.371300140969619861e+03
-4.371288020080330170e+03
-4.371288020080330170e+03
-4.371324265388189815e+03
-4.371328542353479861e+03
-4.371360203171159810e+03
-4.371360203171159810e+03
-4.371373286547040152e+03
-4.371429032695349633e+03
-4.371429032695349633e+03
-4.371429032695349633e+03
-4.371437973744239571e+03
-4.371437973744239571e+03
-4.371437973744239571e+03
-4.371246173465149695e+03
-4.371410736434780119e+03
-4.371692633936339917e+03
-4.371692633936339917e+03
-4.371692633936339917e+03
-4.371644167600070432e+03
-4.371644167600070432e+03
-4.371644167600070432e+03
-4.371644167600070432e+03
-4.371644167600070432e+03
-4.371644167600070432e+03
-4.371644167600070432e+03
-4.371644167600070432e+03
-4.371605988671690284e+03
-4.371605988671690284e+03
-4.371605988671690284e+03
-4.371696848298100122e+03
-4.371564698725360358e+03
-4.371564698725360358e+03
-4.371564698725360358e+03
-4.371564698725360358e+03
-4.371564698725360358e+03
-4.371564698725360358e+03
-4.371595575288360124e+03
-4.371595575288360124e+03
-4.371648193176980385e+03
-4.371675154405979811e+03
-4.371675154405979811e+03
-4.371629422277120284e+03
-4.371629422277120284e+03
-4.371658444902050178e+03
-4.371724093846220057e+03
-4.371724093846220057e+03
-4.371724093846220057e+03
-4.371893615850520291e+03
-4.371893615850520291e+03
-4.371933864885069852e+03
-4.371933864885069852e+03
-4.371806836379229935e+03
-4.371789390561570144e+03
-4.371789390561570144e+03
-4.371789390561570144e+03
-4.371858816754889631e+03
-4.371858816754889631e+03
-4.371858816754889631e+03
-4.372011204929130145e+03
-4.372011204929130145e+03
-4.372072835547939576e+03
-4.372124572646600427e+03
-4.372401969377439855e+03
-4.372401969377439855e+03
-4.372401969377439855e+03
-4.372401969377439855e+03
-4.372401969377439855e+03
-4.372536951422859602e+03
-4.372542426769729900e+03
-4.372542426769729900e+03
-4.372542426769729900e+03
-4.372542426769729900e+03
-4.372582917696529876e+03
-4.372781027258820359e+03
-4.372752202820670391e+03
-4.372752202820670391e+03
-4.372752202820670391e+03
-4.372762514461220235e+03
-4.372733807615139995e+03
-4.372608910099909735e+03
-4.372478729276999729e+03
-4.372497161175079782e+03
-4.372344668027890293e+03
-4.372344668027890293e+03
-4.372344668027890293e+03
-4.372256840100750196e+03
-4.372256840100750196e+03
-4.372256840100750196e+03
-4.372234988165610048e+03
-4.372173113367660335e+03
-4.372002949509729660e+03
-4.371892092270570174e+03
-4.372099890911489638e+03
-4.372310655313770440e+03
-4.372310655313770440e+03
-4.372259285254690440e+03
-4.372088372078190332e+03
-4.372088372078190332e+03
-4.372088372078190332e+03
-4.372043979583830151e+03
-4.372043979583830151e+03
-4.372046268670779682e+03
-4.372046268670779682e+03
-4.372001715726550174e+03
-4.372008368972789867e+03
-4.371952550590999635e+03
-4.372009020234159834e+03
-4.372187304474199664e+03
-4.372157731290440097e+03
-4.372132287096469554e+03
-4.372132287096469554e+03
-4.372205601922189999e+03
-4.372485159298250437e+03
-4.372488146333939767e+03
-4.372525404784320017e+03
-4.372525404784320017e+03
-4.372525404784320017e+03
-4.373041586930919948e+03
-4.373041586930919948e+03
-4.373041586930919948e+03
-4.373042256898470441e+03
-4.373042256898470441e+03
-4.372869731632060393e+03
-4.373008106275699902e+03
-4.373008106275699902e+03
-4.372788967473060438e+03
-4.372896861352540327e+03
-4.372811126964879804e+03
-4.372549559381610379e+03
-4.372527393544350161e+03
-4.372624615928470121e+03
-4.372624615928470121e+03
-4.372700722856649918e+03
-4.372733475820559761e+03
-4.372709325262249877e+03
-4.372707617265239605e+03
-4.372803917321009976e+03
-4.372803917321009976e+03
-4.372803917321009976e+03
-4.372803917321009976e+03
-4.372803917321009976e+03
-4.372956091996209580e+03
-4.372958157412460423e+03
-4.373084552305220313e+03
-4.372970371722009986e+03
-4.372970371722009986e+03
-4.372815832871699968e+03
-4.372876259515510355e+03
-4.372876259515510355e+03
-4.373104643397179643e+03
-4.373020545854719785e+03
-4.373020545854719785e+03
-4.373020545854719785e+03
-4.373076873359130332e+03
-4.373010453447909640e+03
-4.372871775200959746e+03
-4.372926249194360025e+03
-4.372926249194360025e+03
-4.373002476909879988e+03
-4.373002476909879988e+03
-4.372965937439449590e+03
-4.372889966742650358e+03
-4.372997090587669845e+03
-4.373042366418379970e+03
-4.373056684526460231e+03
-4.372982036271039760e+03
-4.373023880459239990e+03
-4.373023880459239990e+03
-4.373023880459239990e+03
-4.373057744018439735e+03
-4.373057744018439735e+03
-4.373057744018439735e+03
-4.373121237238709909e+03
-4.373239387419749619e+03
-4.373239387419749619e+03
-4.373269134112780193e+03
-4.373444788139870070e+03
-4.373444788139870070e+03
-4.373444788139870070e+03
-4.373382308123649636e+03
-4.373382308123649636e+03
-4.373428612288260410e+03
-4.373428612288260410e+03
-4.373428612288260410e+03
-4.373418577598899901e+03
-4.373418577598899901e+03
-4.373418577598899901e+03
-4.373418577598899901e+03
-4.373418577598899901e+03
-4.373418577598899901e+03
-4.373553220573709950e+03
-4.373619742873540417e+03
-4.373619742873540417e+03
-4.373619742873540417e+03
-4.373586354132579800e+03
-4.373586354132579800e+03
-4.373586354132579800e+03
-4.373586354132579800e+03
-4.373586354132579800e+03
-4.373586354132579800e+03
-4.373474788776559762e+03
-4.373474788776559762e+03
-4.373474788776559762e+03
-4.373434901117590016e+03
-4.373434901117590016e+03
-4.373435445481280112e+03
-4.373425200868649881e+03
-4.373592704723570023e+03
-4.373592704723570023e+03
-4.373592704723570023e+03
-4.373592704723570023e+03
-4.373744015012360251e+03
-4.373744015012360251e+03
-4.373952866778960015e+03
-4.373995121396699687e+03
-4.373995121396699687e+03
-4.373995121396699687e+03
-4.374146159553440157e+03
-4.374024442155169709e+03
-4.374026868969290263e+03
-4.374026868969290263e+03
-4.374026868969290263e+03
-4.374026868969290263e+03
-4.374026868969290263e+03
-4.374026868969290263e+03
-4.374107503136049672e+03
-4.374107503136049672e+03
-4.374107503136049672e+03
-4.374107503136049672e+03
-4.374107503136049672e+03
-4.374107503136049672e+03
-4.374107503136049672e+03
-4.374107503136049672e+03
-4.374107503136049672e+03
-4.374107503136049672e+03
-4.374094767635539938e+03
-4.374094767635539938e+03
-4.374094767635539938e+03
-4.374094767635539938e+03
-4.374094767635539938e+03
-4.374256814479529567e+03
-4.374232825662439609e+03
-4.374232825662439609e+03
-4.374232825662439609e+03
-4.374295011704220087e+03
-4.374295011704220087e+03
-4.374295011704220087e+03
-4.374212850255140438e+03
-4.374227366242010248e+03
-4.374227366242010248e+03
-4.374227366242010248e+03
-4.374159421816259965e+03
-4.374159421816259965e+03
-4.374159421816259965e+03
-4.374159421816259965e+03
-4.374428533649320343e+03
-4.374466472843810152e+03
-4.374466472843810152e+03
-4.374445405627249784e+03
-4.374457794448359891e+03
-4.374457794448359891e+03
-4.374630900881589696e+03
-4.374630900881589696e+03
-4.374801174516430365e+03
-4.374801174516430365e+03
-4.374801174516430365e+03
-4.374801174516430365e+03
-4.374877468432950081e+03
-4.374989620881129667e+03
-4.374989620881129667e+03
-4.375168922741990173e+03
-4.375293577871870184e+03
-4.375293577871870184e+03
-4.375293577871870184e+03
-4.375293577871870184e+03
-4.375293577871870184e+03
-4.375293577871870184e+03
-4.375293577871870184e+03
-4.375293577871870184e+03
-4.375293577871870184e+03
-4.375293577871870184e+03
-4.375293577871870184e+03
-4.375293577871870184e+03
-4.375246778225649905e+03
-4.375241308191200005e+03
-4.375241308191200005e+03
-4.374951455239480310e+03
-4.374885015772530096e+03
-4.374885015772530096e+03
-4.374785497778119861e+03
-4.374785497778119861e+03
-4.374785497778119861e+03
-4.374859510106650305e+03
-4.374859510106650305e+03
-4.374859510106650305e+03
-4.374785573189140450e+03
-4.374785573189140450e+03
-4.374659894158209681e+03
-4.374659894158209681e+03
-4.374619685316670257e+03
-4.374564251072710249e+03
-4.374806879913890043e+03
-4.374806879913890043e+03
-4.374913590739370193e+03
-4.374913590739370193e+03
-4.374913590739370193e+03
-4.374913590739370193e+03
-4.374768129383020096e+03
-4.374554595238700131e+03
-4.374554595238700131e+03
-4.374399739998840232e+03
-4.374399739998840232e+03
-4.374374678774660424e+03
-4.374281861218400081e+03
-4.374199953401490347e+03
-4.374239421036199928e+03
-4.374345931093340369e+03
-4.374345931093340369e+03
-4.374345931093340369e+03
-4.374241662876959708e+03
-4.374241662876959708e+03
-4.374240891313829707e+03
-4.374240891313829707e+03
-4.374081249387279968e+03
-4.374081249387279968e+03
-4.374204841624659821e+03
-4.374204841624659821e+03
-4.374204841624659821e+03
-4.374204841624659821e+03
-4.374204841624659821e+03
-4.374241121817830390e+03
-4.374241121817830390e+03
-4.374264174393430039e+03
-4.374079575831489819e+03
-4.374079619692680353e+03
-4.374079619692680353e+03
-4.373981557015080398e+03
-4.373981557015080398e+03
-4.373781741051629979e+03
-4.373781741051629979e+03
-4.373808088741489883e+03
-4.373808088741489883e+03
-4.373808088741489883e+03
-4.373808088741489883e+03
-4.373808088741489883e+03
-4.373808088741489883e+03
-4.373808088741489883e+03
-4.373909635432560208e+03
-4.374003474674629615e+03
-4.374003474674629615e+03
-4.374003474674629615e+03
-4.374092845070999829e+03
-4.374092845070999829e+03
-4.373987996505679803e+03
-4.373987996505679803e+03
-4.373942549912940194e+03
-4.373942549912940194e+03
-4.373925251592530003e+03
-4.373999643216900040e+03
-4.373934965851300149e+03
-4.373684893776769968e+03
-4.373684893776769968e+03
-4.373770934697149642e+03
-4.373770934697149642e+03
-4.373644436583799688e+03
-4.373644436583799688e+03
-4.373575437950339619e+03
-4.373499531995479629e+03
-4.373499531995479629e+03
-4.373499531995479629e+03
-4.373499531995479629e+03
-4.373499531995479629e+03
-4.373419935320899640e+03
-4.373386792529189734e+03
-4.373511964091910158e+03
-4.373487351506950290e+03
-4.373480559858419838e+03
-4.373480559858419838e+03
-4.373522655111140011e+03
-4.373531103548450119e+03
-4.373531103548450119e+03
-4.373790481420080141e+03
-4.373982259924639948e+03
-4.374233551929430178e+03
-4.374233551929430178e+03
-4.374453667410730304e+03
-4.374453667410730304e+03
-4.374559564301020146e+03
-4.374559564301020146e+03
-4.374730767382219710e+03
-4.374730767382219710e+03
-4.374730767382219710e+03
-4.374730767382219710e+03
-4.374730767382219710e+03
-4.374730767382219710e+03
-4.374730767382219710e+03
-4.374730767382219710e+03
-4.374707280254249781e+03
-4.374707280254249781e+03
-4.374707280254249781e+03
-4.374707280254249781e+03
-4.374680159772269690e+03
-4.374680159772269690e+03
-4.374680159772269690e+03
-4.374605251642779876e+03
-4.374605251642779876e+03
-4.374605251642779876e+03
-4.374618853932280217e+03
-4.374618853932280217e+03
-4.374618853932280217e+03
-4.374618853932280217e+03
-4.374618853932280217e+03
-4.374618853932280217e+03
-4.374636734527500266e+03
-4.374636734527500266e+03
-4.374636734527500266e+03
-4.374832693297999867e+03
-4.374832693297999867e+03
-4.374739253966010438e+03
-4.374739253966010438e+03
-4.374741837112090252e+03
-4.374741837112090252e+03
-4.374741837112090252e+03
-4.374741837112090252e+03
-4.374886660970009871e+03
-4.374900109189139584e+03
-4.374900109189139584e+03
-4.374900109189139584e+03
-4.374933597635989827e+03
-4.374933597635989827e+03
-4.374832488308869870e+03
-4.374832488308869870e+03
-4.374972420715290355e+03
-4.374826922071029912e+03
-4.374826922071029912e+03
-4.374826922071029912e+03
-4.374839400827199825e+03
-4.374961898863140050e+03
-4.374961898863140050e+03
-4.374961898863140050e+03
-4.374981395691549551e+03
-4.374981395691549551e+03
-4.374981395691549551e+03
-4.374981395691549551e+03
-4.374981395691549551e+03
-4.374981395691549551e+03
-4.374981395691549551e+03
-4.374981395691549551e+03
-4.375012991652380151e+03
-4.375012991652380151e+03
-4.375012991652380151e+03
-4.375019031517759686e+03
-4.375019031517759686e+03
-4.375019031517759686e+03
-4.375019031517759686e+03
-4.375143055865220049e+03
-4.375211604830239594e+03
-4.375211604830239594e+03
-4.375093909789609825e+03
-4.375093909789609825e+03
-4.375082007660739691e+03
-4.374983781846100101e+03
-4.374983781846100101e+03
-4.374983781846100101e+03
-4.374983781846100101e+03
-4.375128526043359670e+03
-4.375162317158999940e+03
-4.375162317158999940e+03
-4.374899626256479678e+03
-4.374899626256479678e+03
-4.374856843040959575e+03
-4.374856843040959575e+03
-4.374840870628800076e+03
-4.374747140588840011e+03
-4.374874783221150210e+03
-4.374797486145969742e+03
-4.374797486145969742e+03
-4.374797486145969742e+03
-4.374740127948240115e+03
-4.374840633144240201e+03
-4.374840633144240201e+03
-4.374842039817310251e+03
-4.375198546432910007e+03
-4.375198546432910007e+03
-4.375198546432910007e+03
-4.375198546432910007e+03
-4.375198546432910007e+03
-4.375198546432910007e+03
-4.375198546432910007e+03
-4.375121296231859560e+03
-4.375050843603709836e+03
-4.374787728449159658e+03
-4.374787728449159658e+03
-4.374753722146930158e+03
-4.374753722146930158e+03
-4.374796919627799980e+03
-4.374796919627799980e+03
-4.374796919627799980e+03
-4.374796919627799980e+03
-4.374884592231799616e+03
-4.374981650953660392e+03
-4.375026618835319823e+03
-4.374962436744070146e+03
-4.374842213478699705e+03
-4.374842213478699705e+03
-4.374842213478699705e+03
-4.374842213478699705e+03
-4.374842213478699705e+03
-4.374842213478699705e+03
-4.374842213478699705e+03
-4.374842213478699705e+03
-4.374938280210490120e+03
-4.375023268740469575e+03
-4.375023268740469575e+03
-4.375023268740469575e+03
-4.375075891350190432e+03
-4.375075891350190432e+03
-4.375075891350190432e+03
-4.375075891350190432e+03
-4.374939698246390435e+03
-4.374939698246390435e+03
-4.374939698246390435e+03
-4.374939698246390435e+03
-4.374939698246390435e+03
-4.374939698246390435e+03
-4.374999399220980195e+03
-4.374999399220980195e+03
-4.374999399220980195e+03
-4.374999399220980195e+03
-4.375052297126630037e+03
-4.375028849973279648e+03
-4.375028849973279648e+03
-4.375241789464469548e+03
-4.375158617226080423e+03
-4.375158617226080423e+03
-4.375158617226080423e+03
-4.375093587505230062e+03
-4.375091945889949784e+03
-4.375102357003150246e+03
-4.375102357003150246e+03
-4.375102357003150246e+03
-4.375217205787010244e+03
-4.375217205787010244e+03
-4.375347616051550176e+03
-4.375347616051550176e+03
-4.375347616051550176e+03
-4.375347616051550176e+03
-4.375397013952810084e+03
-4.375397013952810084e+03
-4.375509098161110160e+03
-4.375521341069709706e+03
-4.375636005576940079e+03
-4.375636005576940079e+03
-4.375636005576940079e+03
-4.375636005576940079e+03
-4.375617013129190127e+03
-4.375617013129190127e+03
-4.375617013129190127e+03
-4.375701378119029869e+03
-4.375659408221649755e+03
-4.375790657558310158e+03
-4.375790657558310158e+03
-4.375790657558310158e+03
-4.375731002470890417e+03
-4.375723301667880150e+03
-4.375723301667880150e+03
-4.375833161683750404e+03
-4.375833161683750404e+03
-4.375789031439740029e+03
-4.375789031439740029e+03
-4.375686566027990011e+03
-4.375686566027990011e+03
-4.375641552334899643e+03
-4.375641552334899643e+03
-4.375641552334899643e+03
-4.375641552334899643e+03
-4.375714461855240188e+03
-4.375825582834269881e+03
-4.375825582834269881e+03
-4.375913795190330347e+03
-4.375913795190330347e+03
-4.375913795190330347e+03
-4.375870999295530055e+03
-4.375698253543189821e+03
-4.375572493765799663e+03
-4.375572493765799663e+03
-4.375634605488279703e+03
-4.375634605488279703e+03
-4.375611074213349639e+03
-4.375611074213349639e+03
-4.375611074213349639e+03
-4.375544735925570421e+03
-4.375348718246799763e+03
-4.375348718246799763e+03
-4.375348718246799763e+03
-4.375348718246799763e+03
-4.375348718246799763e+03
-4.375307842618450195e+03
-4.375307842618450195e+03
-4.375307842618450195e+03
-4.375402864293169841e+03
-4.375322049798560329e+03
-4.375339530710830331e+03
-4.375339530710830331e+03
-4.375401622006040270e+03
-4.375429139196149663e+03
-4.375429139196149663e+03
-4.375429139196149663e+03
-4.375514708089779560e+03
-4.375514708089779560e+03
-4.375514708089779560e+03
-4.375514708089779560e+03
-4.375385912984320385e+03
-4.375385912984320385e+03
-4.375385912984320385e+03
-4.375385912984320385e+03
-4.375385912984320385e+03
-4.375385912984320385e+03
-4.375385912984320385e+03
-4.375385912984320385e+03
-4.375303402294840453e+03
-4.375303402294840453e+03
-4.375303402294840453e+03
-4.375303402294840453e+03
-4.375303402294840453e+03
-4.375303402294840453e+03
-4.375233731207549681e+03
-4.375261030042230232e+03
-4.375053174570200099e+03
-4.375053174570200099e+03
-4.375053174570200099e+03
-4.375053174570200099e+03
-4.374869575387229816e+03
-4.374869575387229816e+03
-4.375023250318289683e+03
-4.374899219054460445e+03
-4.374899219054460445e+03
-4.374899219054460445e+03
-4.374775404038960005e+03
-4.374769413561710280e+03
-4.374769413561710280e+03
-4.374769413561710280e+03
-4.374952671258410192e+03
-4.374952671258410192e+03
-4.374921992289309856e+03
-4.374921992289309856e+03
-4.374895581669109561e+03
-4.375012346578920187e+03
-4.375019423363160058e+03
-4.375019423363160058e+03
-4.375126872250099950e+03
-4.375126872250099950e+03
-4.375224435013309630e+03
-4.375189131730029658e+03
-4.375134201945379573e+03
-4.375339296254430337e+03
-4.375339296254430337e+03
-4.375445675545480299e+03
-4.375317787027769555e+03
-4.375219841563850423e+03
-4.375219841563850423e+03
-4.375219841563850423e+03
-4.375219841563850423e+03
-4.375005266000450320e+03
-4.375005266000450320e+03
-4.375005266000450320e+03
-4.375005266000450320e+03
-4.375005266000450320e+03
-4.375116853183280000e+03
-4.375116853183280000e+03
-4.375116853183280000e+03
-4.375107748624480337e+03
-4.375107748624480337e+03
-4.375107748624480337e+03
-4.374796372836870432e+03
-4.374796372836870432e+03
-4.374738237303099595e+03
-4.374474391754690259e+03
-4.374534916380620416e+03
-4.374534916380620416e+03
-4.374478454644869998e+03
-4.374458989530079634e+03
-4.374458989530079634e+03
-4.374458989530079634e+03
-4.374391279576209854e+03
-4.374490731787719596e+03
-4.374490731787719596e+03
-4.374530707702870131e+03
-4.374384846718029621e+03
-4.374384846718029621e+03
-4.374425138523960413e+03
-4.374425138523960413e+03
-4.374366294944599758e+03
-4.374366294944599758e+03
-4.374252569390059762e+03
-4.374307221075679990e+03
-4.374307221075679990e+03
-4.374307221075679990e+03
-4.374396566998510025e+03
-4.374541587806330426e+03
-4.374541587806330426e+03
-4.374541587806330426e+03
-4.374662353258750045e+03
-4.374662353258750045e+03
-4.374662353258750045e+03
-4.374771796034569888e+03
-4.375071567803700418e+03
-4.375076425978269981e+03
-4.375076425978269981e+03
-4.375076425978269981e+03
-4.375076425978269981e+03
-4.375076425978269981e+03
-4.375076425978269981e+03
-4.375076425978269981e+03
-4.375065812477910185e+03
-4.375065812477910185e+03
-4.374938469106359662e+03
-4.374921973586239801e+03
-4.374921973586239801e+03
-4.374848340690659825e+03
-4.374919808067959821e+03
-4.374919808067959821e+03
-4.374919808067959821e+03
-4.374919808067959821e+03
-4.374919808067959821e+03
-4.374941258233830013e+03
-4.374908661986870356e+03
-4.374885640374210197e+03
-4.374831512929189557e+03
-4.374831512929189557e+03
-4.374831512929189557e+03
-4.374831512929189557e+03
-4.374831512929189557e+03
-4.374831512929189557e+03
-4.374693037399540117e+03
-4.374693037399540117e+03
-4.374693037399540117e+03
-4.374693037399540117e+03
-4.374823735313379984e+03
-4.374823735313379984e+03
-4.374823735313379984e+03
-4.374823735313379984e+03
-4.374823735313379984e+03
-4.374787003563579674e+03
-4.374880455780459670e+03
-4.374880455780459670e+03
-4.374880455780459670e+03
-4.374828505804070119e+03
-4.374828505804070119e+03
-4.374878798543179983e+03
-4.374878798543179983e+03
-4.374973224798130104e+03
-4.374973224798130104e+03
-4.374973224798130104e+03
-4.374973224798130104e+03
-4.374949457863220232e+03
-4.374949457863220232e+03
-4.375121952861270074e+03
-4.375139887815649672e+03
-4.375139887815649672e+03
-4.375139887815649672e+03
-4.375048492444740077e+03
-4.375048492444740077e+03
-4.375048492444740077e+03
-4.375048492444740077e+03
-4.375220849254659697e+03
-4.375333479149419873e+03
-4.375433462484519623e+03
-4.375433462484519623e+03
-4.375433462484519623e+03
-4.375433462484519623e+03
-4.375433462484519623e+03
-4.375433462484519623e+03
-4.375433462484519623e+03
-4.375433462484519623e+03
-4.375433462484519623e+03
-4.375433462484519623e+03
-4.375543079693879918e+03
-4.375543079693879918e+03
-4.375543079693879918e+03
-4.375641376132480218e+03
-4.375809797011839692e+03
-4.375809797011839692e+03
-4.375809797011839692e+03
-4.375809797011839692e+03
-4.375847887873240325e+03
-4.375847887873240325e+03
-4.375847887873240325e+03
-4.375778413253289727e+03
-4.375705506026590228e+03
-4.375872612803250377e+03
-4.375872612803250377e+03
-4.375872612803250377e+03
-4.376018283178160345e+03
-4.376058029699650433e+03
-4.376121619575659679e+03
-4.376121619575659679e+03
-4.376121619575659679e+03
-4.376121619575659679e+03
-4.375997897377220397e+03
-4.375997897377220397e+03
-4.376108538023389883e+03
-4.376054837273390149e+03
-4.376054837273390149e+03
-4.376072072667479915e+03
-4.376072072667479915e+03
-4.376208374140729575e+03
-4.376208374140729575e+03
-4.376208374140729575e+03
-4.376176215076659901e+03
-4.376230839392460439e+03
-4.376230839392460439e+03
-4.376390990899800272e+03
-4.376390990899800272e+03
-4.376390990899800272e+03
-4.376544647478799561e+03
-4.376551752504639808e+03
-4.376663060760210101e+03
-4.376441701059309707e+03
-4.376441701059309707e+03
-4.376441701059309707e+03
-4.376601912828559762e+03
-4.376601912828559762e+03
-4.376653193191909850e+03
-4.376653193191909850e+03
-4.376653193191909850e+03
-4.376495441397830291e+03
-4.376427507446120217e+03
-4.376427507446120217e+03
-4.376410897950700019e+03
-4.376410897950700019e+03
-4.376410897950700019e+03
-4.376410897950700019e+03
-4.376424171867850418e+03
-4.376261454222009888e+03
-4.376261454222009888e+03
-4.376261454222009888e+03
-4.376261454222009888e+03
-4.376320924048240158e+03
-4.376358793358210278e+03
-4.376358793358210278e+03
-4.376358793358210278e+03
-4.376358793358210278e+03
-4.376358793358210278e+03
-4.376358793358210278e+03
-4.376358793358210278e+03
-4.376391648485529913e+03
-4.376391648485529913e+03
-4.376391648485529913e+03
-4.376391648485529913e+03
-4.376293988359329887e+03
-4.376292350495899882e+03
-4.376292350495899882e+03
-4.376351567411259566e+03
-4.376418028951679844e+03
-4.376642344543130093e+03
-4.376754886222600362e+03
-4.376754886222600362e+03
-4.376754886222600362e+03
-4.376754886222600362e+03
-4.376803513505499723e+03
-4.377033143229509733e+03
-4.377033143229509733e+03
-4.377033143229509733e+03
-4.377033143229509733e+03
-4.377145989802100303e+03
-4.377145989802100303e+03
-4.377145989802100303e+03
-4.377145989802100303e+03
-4.377145989802100303e+03
-4.377145989802100303e+03
-4.377145989802100303e+03
-4.377145989802100303e+03
-4.377145989802100303e+03
-4.377145989802100303e+03
-4.377145989802100303e+03
-4.377260134248809663e+03
-4.377199409383570128e+03
-4.377192318406820050e+03
-4.377192318406820050e+03
-4.377192318406820050e+03
-4.377192318406820050e+03
-4.377135716801980379e+03
-4.377135716801980379e+03
-4.377135716801980379e+03
-4.377012314417380367e+03
-4.377012314417380367e+03
-4.377012314417380367e+03
-4.377004420913250215e+03
-4.376831211236170020e+03
-4.376734816592779680e+03
-4.376734816592779680e+03
-4.376734816592779680e+03
-4.376820862672149815e+03
-4.376820862672149815e+03
-4.376713824510749873e+03
-4.376713824510749873e+03
-4.376713824510749873e+03
-4.376763426593760414e+03
-4.376763426593760414e+03
-4.376763426593760414e+03
-4.376607988207600101e+03
-4.376563057364790438e+03
-4.376563057364790438e+03
-4.376563057364790438e+03
-4.376563057364790438e+03
-4.376563057364790438e+03
-4.376526800304790413e+03
-4.376526800304790413e+03
-4.376526800304790413e+03
-4.376526800304790413e+03
-4.376526800304790413e+03
-4.376569295659610361e+03
-4.376663388746579585e+03
-4.376663388746579585e+03
-4.376785773405989858e+03
-4.376786952536020181e+03
-4.376786952536020181e+03
-4.376786952536020181e+03
-4.376786952536020181e+03
-4.376667599463589795e+03
-4.376667599463589795e+03
-4.376606469000419565e+03
-4.376363657601180421e+03
-4.376407210920870057e+03
-4.376407210920870057e+03
-4.376338468790820116e+03
-4.376338468790820116e+03
-4.376338468790820116e+03
-4.376278335534760117e+03
-4.376278335534760117e+03
-4.376281574391179674e+03
-4.376281574391179674e+03
-4.376281574391179674e+03
-4.376461186461990110e+03
-4.376461186461990110e+03
-4.376461186461990110e+03
-4.376384613303729566e+03
-4.376384613303729566e+03
-4.376384613303729566e+03
-4.376204391195569769e+03
-4.376204391195569769e+03
-4.376204391195569769e+03
-4.376204391195569769e+03
-4.376164477156969951e+03
-4.376164477156969951e+03
-4.376164477156969951e+03
-4.376164477156969951e+03
-4.376164477156969951e+03
-4.376164477156969951e+03
-4.376164477156969951e+03
-4.376164477156969951e+03
-4.376241987999060257e+03
-4.376241987999060257e+03
-4.376241987999060257e+03
-4.376241987999060257e+03
-4.376241987999060257e+03
-4.376241987999060257e+03
-4.376241987999060257e+03
-4.376241987999060257e+03
-4.376241987999060257e+03
-4.376513651247580128e+03
-4.376322413151910041e+03
-4.376342781309629572e+03
-4.376619918741440415e+03
-4.376619918741440415e+03
-4.376619918741440415e+03
-4.376619918741440415e+03
-4.376619918741440415e+03
-4.376619918741440415e+03
-4.376619918741440415e+03
-4.376463118474240218e+03
-4.376549582500219913e+03
-4.376549582500219913e+03
-4.376549582500219913e+03
-4.376549582500219913e+03
-4.376549582500219913e+03
-4.376549582500219913e+03
-4.376549582500219913e+03
-4.376549582500219913e+03
-4.376549582500219913e+03
-4.376617399466010284e+03
-4.376617399466010284e+03
-4.376617399466010284e+03
-4.376617399466010284e+03
-4.376416576262199669e+03
-4.376436969737170330e+03
-4.376573217801759711e+03
-4.376573217801759711e+03
-4.376781176991669781e+03
-4.376781176991669781e+03
-4.376781176991669781e+03
-4.376781176991669781e+03
-4.376757053341089886e+03
-4.376757053341089886e+03
-4.376757053341089886e+03
-4.376757053341089886e+03
-4.376757053341089886e+03
-4.376757053341089886e+03
-4.376757053341089886e+03
-4.376757053341089886e+03
-4.376757053341089886e+03
-4.376747359684390176e+03
-4.376747359684390176e+03
-4.376841253400760252e+03
-4.376804028512759942e+03
-4.376704108170320069e+03
-4.376575750169519779e+03
-4.376575750169519779e+03
-4.376450166354359681e+03
-4.376450166354359681e+03
-4.376356498703689795e+03
-4.376170879148389758e+03
-4.376170879148389758e+03
-4.376170879148389758e+03
-4.376170879148389758e+03
-4.376170879148389758e+03
-4.376170879148389758e+03
-4.376251917451049849e+03
-4.376199367730700033e+03
-4.376199367730700033e+03
-4.376199367730700033e+03
-4.376114428480210336e+03
-4.376114428480210336e+03
-4.376114428480210336e+03
-4.376114428480210336e+03
-4.376114428480210336e+03
-4.376114428480210336e+03
-4.375883386139369577e+03
-4.375883386139369577e+03
-4.376036737227839694e+03
-4.376036737227839694e+03
-4.376036737227839694e+03
-4.376036737227839694e+03
-4.376036737227839694e+03
-4.376036737227839694e+03
-4.376036737227839694e+03
-4.376151195931510301e+03
-4.376151195931510301e+03
-4.376151195931510301e+03
-4.376336709677059844e+03
-4.376429392728899984e+03
-4.376429392728899984e+03
-4.376451916179949876e+03
-4.376451916179949876e+03
-4.376549012895239684e+03
-4.376549012895239684e+03
-4.376522979208960351e+03
-4.376496161424490310e+03
-4.376539494602149716e+03
-4.376601705930140270e+03
-4.376757694829229877e+03
-4.376895933288279593e+03
-4.376895933288279593e+03
-4.376895933288279593e+03
-4.376895933288279593e+03
-4.376895933288279593e+03
-4.376895933288279593e+03
-4.376895933288279593e+03
-4.376895933288279593e+03
-4.376815099958819701e+03
-4.376814028107150079e+03
-4.376814028107150079e+03
-4.376814028107150079e+03
-4.376814028107150079e+03
-4.376814028107150079e+03
-4.376814028107150079e+03
-4.376814028107150079e+03
-4.376909110370400413e+03
-4.376909110370400413e+03
-4.376793094172669953e+03
-4.376757421241670272e+03
-4.376681066053009999e+03
-4.376681066053009999e+03
-4.376619520959920010e+03
-4.376619520959920010e+03
-4.376619520959920010e+03
-4.376619520959920010e+03
-4.376619520959920010e+03
-4.376619520959920010e+03
-4.376499356530490331e+03
-4.376499356530490331e+03
-4.376499356530490331e+03
-4.376499356530490331e+03
-4.376499356530490331e+03
-4.376499356530490331e+03
-4.376664186431639791e+03
-4.376664186431639791e+03
-4.376664186431639791e+03
-4.376664186431639791e+03
-4.376664186431639791e+03
-4.376496895292880254e+03
-4.376496895292880254e+03
-4.376496895292880254e+03
-4.376496895292880254e+03
-4.376496895292880254e+03
-4.376547576466509781e+03
-4.376547576466509781e+03
-4.376547576466509781e+03
-4.376744697915320103e+03
-4.376734610661469560e+03
-4.376716246000049978e+03
-4.376716246000049978e+03
-4.376710399562820385e+03
-4.376710399562820385e+03
-4.376560979231639976e+03
-4.376560979231639976e+03
-4.376560979231639976e+03
-4.376560979231639976e+03
-4.376659383295679618e+03
-4.376659383295679618e+03
-4.376566444183199565e+03
-4.376566444183199565e+03
-4.376566444183199565e+03
-4.376423220012209640e+03
-4.376423220012209640e+03
-4.376423220012209640e+03
-4.376424764080080422e+03
-4.376384607459260224e+03
-4.376384607459260224e+03
-4.376384607459260224e+03
-4.376500050827469749e+03
-4.376500050827469749e+03
-4.376656622725279703e+03
-4.376656622725279703e+03
-4.376656622725279703e+03
-4.376656622725279703e+03
-4.376656622725279703e+03
-4.376539551613070216e+03
-4.376661612082480133e+03
-4.376661612082480133e+03
-4.376421060596149800e+03
-4.376421060596149800e+03
-4.376421060596149800e+03
-4.376421060596149800e+03
-4.376396839992949936e+03
-4.376556684383520405e+03
-4.376556684383520405e+03
-4.376556684383520405e+03
-4.376556684383520405e+03
-4.376540057796580186e+03
-4.376500173573490429e+03
-4.376580032650969770e+03
-4.376580032650969770e+03
-4.376565304210589602e+03
-4.376565304210589602e+03
-4.376565304210589602e+03
-4.376565304210589602e+03
-4.376463163514040389e+03
-4.376438722653970217e+03
-4.376438722653970217e+03
-4.376438722653970217e+03
-4.376445134372849679e+03
-4.376445134372849679e+03
-4.376445134372849679e+03
-4.376445134372849679e+03
-4.376508668832229887e+03
-4.376508668832229887e+03
-4.376508668832229887e+03
-4.376508668832229887e+03
-4.376508668832229887e+03
-4.376511530513030266e+03
-4.376484516559959957e+03
-4.376484516559959957e+03
-4.376484516559959957e+03
-4.376484516559959957e+03
-4.376484516559959957e+03
-4.376484516559959957e+03
-4.376484516559959957e+03
-4.376516995710459923e+03
-4.376516995710459923e+03
-4.376516995710459923e+03
-4.376516995710459923e+03
-4.376516995710459923e+03
-4.376516995710459923e+03
-4.376516995710459923e+03
-4.376516995710459923e+03
-4.376516995710459923e+03
-4.376636008032540303e+03
-4.376698210624859712e+03
-4.376726322198180242e+03
-4.376707219301099940e+03
-4.376695632145299896e+03
-4.376776174045609878e+03
-4.376747681554030351e+03
-4.376747681554030351e+03
-4.376747681554030351e+03
-4.376747681554030351e+03
-4.376747681554030351e+03
-4.376747681554030351e+03
-4.376747681554030351e+03
-4.376703448403760376e+03
-4.376736952301140263e+03
-4.376736952301140263e+03
-4.376736952301140263e+03
-4.376736952301140263e+03
-4.376747214484349570e+03
-4.376747214484349570e+03
-4.376747214484349570e+03
-4.376930759656280316e+03
-4.376886947420650358e+03
-4.376886947420650358e+03
-4.376886947420650358e+03
-4.377131370270180014e+03
-4.377131370270180014e+03
-4.377211458915769981e+03
-4.377211458915769981e+03
-4.377211458915769981e+03
-4.377239456078090370e+03
-4.377239456078090370e+03
-4.377239456078090370e+03
-4.377349288126790270e+03
-4.377289051703000041e+03
-4.377289051703000041e+03
-4.377289051703000041e+03
-4.377589889266890168e+03
-4.377589889266890168e+03
-4.377633924207660129e+03
-4.377633924207660129e+03
-4.377510474933549631e+03
-4.377510474933549631e+03
-4.377285992605109641e+03
-4.377285992605109641e+03
-4.377068263276460129e+03
-4.377068263276460129e+03
-4.377023518855709881e+03
-4.377023518855709881e+03
-4.377023518855709881e+03
-4.377023518855709881e+03
-4.377085047067589585e+03
-4.377157697046490284e+03
-4.377261842310340398e+03
-4.377189745760620099e+03
-4.377189745760620099e+03
-4.377189745760620099e+03
-4.377327167188270323e+03
-4.377327167188270323e+03
-4.377327167188270323e+03
-4.377350360952290430e+03
-4.377350360952290430e+03
-4.377350360952290430e+03
-4.377391498328340276e+03
-4.377391498328340276e+03
-4.377433953429340363e+03
-4.377433953429340363e+03
-4.377480298133309589e+03
-4.377480298133309589e+03
-4.377480298133309589e+03
-4.377480298133309589e+03
-4.377480298133309589e+03
-4.377480298133309589e+03
-4.377480298133309589e+03
-4.377480298133309589e+03
-4.377480298133309589e+03
-4.377480298133309589e+03
-4.377480298133309589e+03
-4.377480298133309589e+03
-4.377480298133309589e+03
-4.377533522596319926e+03
-4.377533522596319926e+03
-4.377533522596319926e+03
-4.377533522596319926e+03
-4.377575289090110346e+03
-4.377575289090110346e+03
-4.377407328749860426e+03
-4.377407328749860426e+03
-4.377457293720140115e+03
-4.377457293720140115e+03
-4.377457293720140115e+03
-4.377514133309219687e+03
-4.377514133309219687e+03
-4.377514133309219687e+03
-4.377514133309219687e+03
-4.377514133309219687e+03
-4.377547746306019690e+03
-4.377547746306019690e+03
-4.377547746306019690e+03
-4.377584359069420316e+03
-4.377584359069420316e+03
-4.377584359069420316e+03
-4.377826849040239722e+03
-4.377826849040239722e+03
-4.377826849040239722e+03
-4.377868296495779759e+03
-4.377868296495779759e+03
-4.377868296495779759e+03
-4.377876968677889636e+03
-4.377884037183280270e+03
-4.377884037183280270e+03
-4.377884037183280270e+03
-4.377884037183280270e+03
-4.377884037183280270e+03
-4.377884037183280270e+03
-4.378173873461850235e+03
-4.378173873461850235e+03
-4.378173873461850235e+03
-4.378173873461850235e+03
-4.378173873461850235e+03
-4.378173873461850235e+03
-4.378173873461850235e+03
-4.378215233926460314e+03
-4.378176857557589756e+03
-4.378176857557589756e+03
-4.378176857557589756e+03
-4.378176857557589756e+03
-4.378077712565769616e+03
-4.378155756213869608e+03
-4.378156626347979909e+03
-4.378156626347979909e+03
-4.378156626347979909e+03
-4.378156626347979909e+03
-4.378156626347979909e+03
-4.377923965197230245e+03
-4.377997203603839807e+03
-4.377997203603839807e+03
-4.377997203603839807e+03
-4.378122254399610028e+03
-4.378122254399610028e+03
-4.378122254399610028e+03
-4.378138747428190072e+03
-4.378138747428190072e+03
-4.378138747428190072e+03
-4.378138747428190072e+03
-4.378138747428190072e+03
-4.378138747428190072e+03
-4.378138747428190072e+03
-4.378138747428190072e+03
-4.378181388086380139e+03
-4.378181388086380139e+03
-4.378181388086380139e+03
-4.378181388086380139e+03
-4.378181388086380139e+03
-4.378181388086380139e+03
-4.378181388086380139e+03
-4.378181388086380139e+03
-4.377990709330169921e+03
-4.377990709330169921e+03
-4.377990709330169921e+03
-4.377990709330169921e+03
-4.377990709330169921e+03
-4.377990709330169921e+03
-4.377979477369060078e+03
-4.377979477369060078e+03
-4.377979477369060078e+03
-4.377979477369060078e+03
-4.377979477369060078e+03
-4.377979477369060078e+03
-4.377788909898919883e+03
-4.377788909898919883e+03
-4.377925415799360053e+03
-4.377925415799360053e+03
-4.377981421800799581e+03
-4.377895423377250154e+03
-4.377895423377250154e+03
-4.377878014566679667e+03
-4.378031664393410210e+03
-4.378031664393410210e+03
-4.378031664393410210e+03
-4.378040277795939801e+03
-4.378040277795939801e+03
-4.377979473960869655e+03
-4.377979473960869655e+03
-4.377979473960869655e+03
-4.377979473960869655e+03
-4.377979473960869655e+03
-4.377979473960869655e+03
-4.377979473960869655e+03
-4.377979473960869655e+03
-4.377887922171569699e+03
-4.377887922171569699e+03
-4.377887922171569699e+03
-4.377887922171569699e+03
-4.377887922171569699e+03
-4.377887922171569699e+03
-4.377901222485180369e+03
-4.377901222485180369e+03
-4.377908790193620007e+03
-4.377885937179749817e+03
-4.377885937179749817e+03
-4.377792463847799809e+03
-4.377792463847799809e+03
-4.377792463847799809e+03
-4.377792463847799809e+03
-4.377792463847799809e+03
-4.377876496017110185e+03
-4.377876496017110185e+03
-4.377876496017110185e+03
-4.377876496017110185e+03
-4.378051944756010016e+03
-4.378051944756010016e+03
-4.378051944756010016e+03
-4.378051944756010016e+03
-4.378080537803720290e+03
-4.378039035180499923e+03
-4.378039035180499923e+03
-4.377975962021580017e+03
-4.377975962021580017e+03
-4.377933338177719634e+03
-4.378099388339600409e+03
-4.378165310515029887e+03
-4.378165310515029887e+03
-4.378165310515029887e+03
-4.378281511888450041e+03
-4.378411535791449751e+03
-4.378411535791449751e+03
-4.378411535791449751e+03
-4.378411535791449751e+03
-4.378411535791449751e+03
-4.378232972252159925e+03
-4.378232972252159925e+03
-4.378245037352759937e+03
-4.378245037352759937e+03
-4.378245037352759937e+03
-4.378245037352759937e+03
-4.378245037352759937e+03
-4.378278007055379931e+03
-4.378278007055379931e+03
-4.378278007055379931e+03
-4.378193639055089989e+03
-4.378193639055089989e+03
-4.378193639055089989e+03
-4.378193639055089989e+03
-4.378193639055089989e+03
-4.378193639055089989e+03
-4.378193639055089989e+03
-4.378164808906540202e+03
-4.377957121405090220e+03
-4.377957121405090220e+03
-4.377957121405090220e+03
-4.377968770895209673e+03
-4.378039234504400156e+03
-4.378039234504400156e+03
-4.378052481109370092e+03
-4.378052481109370092e+03
-4.378052481109370092e+03
-4.377874136598969926e+03
-4.377874136598969926e+03
-4.377851157602909552e+03
-4.377851157602909552e+03
-4.377662921631090285e+03
-4.377587009014209798e+03
-4.377587009014209798e+03
-4.377619555928609770e+03
-4.377606051444329751e+03
-4.377558436583960429e+03
-4.377558436583960429e+03
-4.377558436583960429e+03
-4.377558436583960429e+03
-4.377558436583960429e+03
-4.377558436583960429e+03
-4.377391728544310354e+03
-4.377334939199669861e+03
-4.377334939199669861e+03
-4.377334939199669861e+03
-4.377334939199669861e+03
-4.377440039831950344e+03
-4.377440039831950344e+03
-4.377527289738900436e+03
-4.377527289738900436e+03
-4.377527289738900436e+03
-4.377527289738900436e+03
-4.377527289738900436e+03
-4.377527289738900436e+03
-4.377518869498409913e+03
-4.377518869498409913e+03
-4.377518869498409913e+03
-4.377262835699550124e+03
-4.377315359483190150e+03
-4.377315359483190150e+03
-4.377315359483190150e+03
-4.377210704942610391e+03
-4.377210704942610391e+03
-4.377210704942610391e+03
-4.377210704942610391e+03
-4.377256418064210266e+03
-4.377256418064210266e+03
-4.377191805002679757e+03
-4.377013032103740443e+03
-4.377004341826070231e+03
-4.377004341826070231e+03
-4.377004341826070231e+03
-4.377142867420279799e+03
-4.377142867420279799e+03
-4.377142867420279799e+03
-4.377093316063819657e+03
-4.377093316063819657e+03
-4.377093316063819657e+03
-4.377116087256589708e+03
-4.377116087256589708e+03
-4.377116087256589708e+03
-4.377116087256589708e+03
-4.377174536722430275e+03
-4.377203553625309723e+03
-4.377163115337350064e+03
-4.377321550327090335e+03
-4.377321550327090335e+03
-4.377331796198080156e+03
-4.377258248075379925e+03
-4.377258248075379925e+03
-4.377258248075379925e+03
-4.377258248075379925e+03
-4.377258248075379925e+03
-4.377510232791880298e+03
-4.377510232791880298e+03
-4.377588260549599909e+03
-4.377588260549599909e+03
-4.377588260549599909e+03
-4.377588260549599909e+03
-4.377588260549599909e+03
-4.377685743160160200e+03
-4.377685743160160200e+03
-4.377685743160160200e+03
-4.377685743160160200e+03
-4.377685743160160200e+03
-4.377685743160160200e+03
-4.377563256409829592e+03
-4.377563256409829592e+03
-4.377534051307209666e+03
-4.377544002440349686e+03
-4.377646187170070334e+03
-4.377715133324210001e+03
-4.377729903886010106e+03
-4.377814178603700384e+03
-4.377814178603700384e+03
-4.377532517980200282e+03
-4.377532517980200282e+03
-4.377532517980200282e+03
-4.377451572240220230e+03
-4.377414973200970053e+03
-4.377414973200970053e+03
-4.377414973200970053e+03
-4.377414973200970053e+03
-4.377414973200970053e+03
-4.377414973200970053e+03
-4.377414973200970053e+03
-4.377414973200970053e+03
-4.377360020398329652e+03
-4.377322941289889968e+03
-4.377241340703159949e+03
-4.377241340703159949e+03
-4.377129873677319665e+03
-4.377129873677319665e+03
-4.377129873677319665e+03
-4.377094540233299995e+03
-4.377003859116490275e+03
-4.377043486699710229e+03
-4.377043486699710229e+03
-4.377026672520680222e+03
-4.377003652215739748e+03
-4.377003652215739748e+03
-4.377126120189959693e+03
-4.377126120189959693e+03
-4.377126120189959693e+03
-4.377126120189959693e+03
-4.376935240298979807e+03
-4.376849404085340211e+03
-4.376855188678820014e+03
-4.376855188678820014e+03
-4.376855188678820014e+03
-4.376855188678820014e+03
-4.376837051122200137e+03
-4.376837051122200137e+03
-4.376837051122200137e+03
-4.376837051122200137e+03
-4.376837051122200137e+03
-4.376837051122200137e+03
-4.376837051122200137e+03
-4.376864637309039608e+03
-4.376828278875300384e+03
-4.376828278875300384e+03
-4.376828278875300384e+03
-4.376629119303759580e+03
-4.376940691935399627e+03
-4.377111410350689766e+03
-4.377111410350689766e+03
-4.377111410350689766e+03
-4.377111410350689766e+03
-4.377111410350689766e+03
-4.377326223200339882e+03
-4.377326223200339882e+03
-4.377326223200339882e+03
-4.377446798689509706e+03
-4.377425322312379649e+03
-4.377425322312379649e+03
-4.377425322312379649e+03
-4.377425322312379649e+03
-4.377425322312379649e+03
-4.377327932171820066e+03
-4.377386951265009884e+03
-4.377188489830799881e+03
-4.377188489830799881e+03
-4.377216949961960381e+03
-4.377216949961960381e+03
-4.377216949961960381e+03
-4.377092142252649865e+03
-4.377205931106789649e+03
-4.377201499603589582e+03
-4.377341276788900359e+03
-4.377341276788900359e+03
-4.377341276788900359e+03
-4.377535118055319799e+03
-4.377505101020629809e+03
-4.377505101020629809e+03
-4.377706390993499554e+03
-4.377706390993499554e+03
-4.377706390993499554e+03
-4.377706390993499554e+03
-4.377706390993499554e+03
-4.377706390993499554e+03
-4.377706390993499554e+03
-4.377702370182410050e+03
-4.377702370182410050e+03
-4.377900782372839785e+03
-4.377900782372839785e+03
-4.377900782372839785e+03
-4.378004368295490167e+03
-4.378004368295490167e+03
-4.378004368295490167e+03
-4.378004368295490167e+03
-4.378004368295490167e+03
-4.378086864385640183e+03
-4.378086864385640183e+03
-4.378086864385640183e+03
-4.378086864385640183e+03
-4.377920462988079635e+03
-4.377897498020810417e+03
-4.377972340782789615e+03
-4.377951114739709737e+03
-4.377951114739709737e+03
-4.378043387251799686e+03
-4.378043387251799686e+03
-4.378043387251799686e+03
-4.377793251578639683e+03
-4.377759185786199851e+03
-4.377742455807539955e+03
-4.377610386004589600e+03
-4.377801912495970100e+03
-4.377801912495970100e+03
-4.377801912495970100e+03
-4.377731206702130294e+03
-4.377731206702130294e+03
-4.377729541510499985e+03
-4.377796369565209716e+03
-4.377796369565209716e+03
-4.377875251592459790e+03
-4.377875251592459790e+03
-4.377875251592459790e+03
-4.377836265788409946e+03
-4.377780422094079768e+03
-4.377780422094079768e+03
-4.377780422094079768e+03
-4.377795934486899569e+03
-4.377683044116050041e+03
-4.377683044116050041e+03
-4.377683044116050041e+03
-4.377683044116050041e+03
-4.377683044116050041e+03
-4.377681839917369871e+03
-4.377681839917369871e+03
-4.377681839917369871e+03
-4.377687114609279888e+03
-4.377687114609279888e+03
-4.377692147094960092e+03
-4.377855974472960042e+03
-4.377855974472960042e+03
-4.377855974472960042e+03
-4.377906263078370102e+03
-4.377906263078370102e+03
-4.377906263078370102e+03
-4.377906263078370102e+03
-4.377775855241549834e+03
-4.377775855241549834e+03
-4.377777690603110386e+03
-4.377817307723599697e+03
-4.377770027236269925e+03
-4.377679491499549840e+03
-4.377679491499549840e+03
-4.377461500267439988e+03
-4.377461500267439988e+03
-4.377461500267439988e+03
-4.377397611916760070e+03
-4.377397611916760070e+03
-4.377422060859789781e+03
-4.377508016265190236e+03
-4.377252461157199832e+03
-4.377252461157199832e+03
-4.377252461157199832e+03
-4.377212802520910373e+03
-4.377212802520910373e+03
-4.377212802520910373e+03
-4.377337440818770119e+03
-4.377337440818770119e+03
-4.377337440818770119e+03
-4.377337440818770119e+03
-4.377337440818770119e+03
-4.377390368679009953e+03
-4.377390368679009953e+03
-4.377390368679009953e+03
-4.377390368679009953e+03
-4.377390368679009953e+03
-4.377384986700250010e+03
-4.377384986700250010e+03
-4.377384986700250010e+03
-4.377209221219390201e+03
-4.377190019531870348e+03
-4.377190019531870348e+03
-4.377190019531870348e+03
-4.377099539371630271e+03
-4.377099539371630271e+03
-4.377133238871980211e+03
-4.377133238871980211e+03
-4.377133238871980211e+03
-4.377133238871980211e+03
-4.377133238871980211e+03
-4.376981293086319965e+03
-4.376999905439340182e+03
-4.376906443618920093e+03
-4.376685818883520369e+03
-4.376636010353289748e+03
-4.376636010353289748e+03
-4.376636010353289748e+03
-4.376606900155000403e+03
-4.376657100754619933e+03
-4.376803912977219625e+03
-4.376803912977219625e+03
-4.376803912977219625e+03
-4.376688976352170357e+03
-4.376565725049170396e+03
-4.376542565257170281e+03
-4.376661543044069731e+03
-4.376661543044069731e+03
-4.376644127176509755e+03
-4.376644127176509755e+03
-4.376585920521880325e+03
-4.376587621080429926e+03
-4.376587621080429926e+03
-4.376406522007920103e+03
-4.376406522007920103e+03
-4.376488286402020094e+03
-4.376398127094080337e+03
-4.376398127094080337e+03
-4.376398127094080337e+03
-4.376430936064400157e+03
-4.376516466710880195e+03
-4.376621289569930013e+03
-4.376652622688639894e+03
-4.376742713365480085e+03
-4.376742713365480085e+03
-4.376742713365480085e+03
-4.376742713365480085e+03
-4.376742713365480085e+03
-4.376742713365480085e+03
-4.376702278827239752e+03
-4.376718595246539735e+03
-4.376718595246539735e+03
-4.376718595246539735e+03
-4.376718595246539735e+03
-4.376597380166689618e+03
-4.376655455457220341e+03
-4.376829648823510070e+03
-4.376796502789719852e+03
-4.376890928519519548e+03
-4.376842062573859948e+03
-4.376842062573859948e+03
-4.376842062573859948e+03
-4.376908653876949757e+03
-4.376908653876949757e+03
-4.376908653876949757e+03
-4.376908653876949757e+03
-4.376887588235729709e+03
-4.376887588235729709e+03
-4.376887588235729709e+03
-4.376887588235729709e+03
-4.376887588235729709e+03
-4.376887588235729709e+03
-4.376887588235729709e+03
-4.376957065894440348e+03
-4.377091371673670437e+03
-4.377091371673670437e+03
-4.377228477805590046e+03
-4.377228477805590046e+03
-4.377228477805590046e+03
-4.377228477805590046e+03
-4.377433644739389820e+03
-4.377433644739389820e+03
-4.377433644739389820e+03
-4.377433644739389820e+03
-4.377433644739389820e+03
-4.377479306092839579e+03
-4.377479306092839579e+03
-4.377373510911410449e+03
-4.377373510911410449e+03
-4.377373510911410449e+03
-4.377255831823799781e+03
-4.377255831823799781e+03
-4.377232549908520014e+03
-4.377232549908520014e+03
-4.377220054851770328e+03
-4.377220054851770328e+03
-4.377220054851770328e+03
-4.377220054851770328e+03
-4.377220054851770328e+03
-4.377220054851770328e+03
-4.377220054851770328e+03
-4.377220054851770328e+03
-4.377220054851770328e+03
-4.377082906363650181e+03
-4.377273601940670233e+03
-4.377491882588269618e+03
-4.377491882588269618e+03
-4.377491882588269618e+03
-4.377491882588269618e+03
-4.377498942059100045e+03
-4.377578959373669932e+03
-4.377578959373669932e+03
-4.377428732600719741e+03
-4.377458813611279766e+03
-4.377259913055539982e+03
-4.377259913055539982e+03
-4.377259913055539982e+03
-4.377259913055539982e+03
-4.377409242752820319e+03
-4.377409242752820319e+03
-4.377409242752820319e+03
-4.377409242752820319e+03
-4.377614476312820443e+03
-4.377855605126989758e+03
-4.377855605126989758e+03
-4.377855605126989758e+03
-4.377903091968009903e+03
-4.377762991443710234e+03
-4.377762991443710234e+03
-4.377800260181629710e+03
-4.377800260181629710e+03
-4.377800260181629710e+03
-4.377800260181629710e+03
-4.377800260181629710e+03
-4.377800260181629710e+03
-4.377800260181629710e+03
-4.377800260181629710e+03
-4.377800260181629710e+03
-4.377800260181629710e+03
-4.377800260181629710e+03
-4.377963473185190196e+03
-4.377963473185190196e+03
-4.377963473185190196e+03
-4.377778831276249548e+03
-4.377778831276249548e+03
-4.377778831276249548e+03
-4.377886576727880311e+03
-4.377886576727880311e+03
-4.377681960057209835e+03
-4.377518042776549919e+03
-4.377518042776549919e+03
-4.377404541503319706e+03
-4.377404541503319706e+03
-4.377404541503319706e+03
-4.377316068032119802e+03
-4.377316068032119802e+03
-4.377316068032119802e+03
-4.377316068032119802e+03
-4.377316068032119802e+03
-4.377316068032119802e+03
-4.377251387098789564e+03
-4.377305742415190252e+03
-4.377305742415190252e+03
-4.377305742415190252e+03
-4.377328443179630085e+03
-4.377328443179630085e+03
-4.377328443179630085e+03
-4.377328443179630085e+03
-4.377383398684070016e+03
-4.377383398684070016e+03
-4.377383398684070016e+03
-4.377266383920739827e+03
-4.377266383920739827e+03
-4.377333845047710383e+03
-4.377333845047710383e+03
-4.377432685502500135e+03
-4.377789844357889706e+03
-4.377789844357889706e+03
-4.377789844357889706e+03
-4.377789844357889706e+03
-4.377789844357889706e+03
-4.377789844357889706e+03
-4.377789844357889706e+03
-4.377789844357889706e+03
-4.377789844357889706e+03
-4.377789844357889706e+03
-4.377789844357889706e+03
-4.377789844357889706e+03
-4.377789844357889706e+03
-4.377789844357889706e+03
-4.377789844357889706e+03
-4.377789844357889706e+03
-4.377879647276259675e+03
-4.377879647276259675e+03
-4.377879647276259675e+03
-4.377879647276259675e+03
-4.377879647276259675e+03
-4.377879647276259675e+03
-4.377879647276259675e+03
-4.377940706501250133e+03
-4.377940706501250133e+03
-4.377783992793410107e+03
-4.377783992793410107e+03
-4.377691406130609721e+03
-4.377691406130609721e+03
-4.377691406130609721e+03
-4.377691406130609721e+03
-4.377691406130609721e+03
-4.377600828139289661e+03
-4.377600828139289661e+03
-4.377600828139289661e+03
-4.377589066831369564e+03
-4.377589066831369564e+03
-4.377589066831369564e+03
-4.377537463001470314e+03
-4.377537463001470314e+03
-4.377537463001470314e+03
-4.377507459667410330e+03
-4.377504554476009616e+03
-4.377504554476009616e+03
-4.377441427776299861e+03
-4.377225470181029777e+03
-4.377225470181029777e+03
-4.377195629432800160e+03
-4.377195629432800160e+03
-4.377164970011719561e+03
-4.377164970011719561e+03
-4.377053169653660007e+03
-4.377053169653660007e+03
-4.377053169653660007e+03
-4.376978982521900434e+03
-4.376897413043099732e+03
-4.376897413043099732e+03
-4.376897413043099732e+03
-4.376900642321210398e+03
-4.376900642321210398e+03
-4.376900642321210398e+03
-4.376900642321210398e+03
-4.376971069888780221e+03
-4.377075002361159932e+03
-4.377075002361159932e+03
-4.376998814580440012e+03
-4.376907253557459626e+03
-4.376907253557459626e+03
-4.376828017945609645e+03
-4.376828017945609645e+03
-4.376796224449950387e+03
-4.376796224449950387e+03
-4.376796224449950387e+03
-4.376811166821729785e+03
-4.376834347409850125e+03
-4.376834347409850125e+03
-4.376834347409850125e+03
-4.376834347409850125e+03
-4.376834347409850125e+03
-4.376705709034369647e+03
-4.376673385521449745e+03
-4.376713743194540257e+03
-4.376855377047550064e+03
-4.376855377047550064e+03
-4.376883822421010336e+03
-4.376981082776150288e+03
-4.376981082776150288e+03
-4.377076698450749973e+03
-4.377076698450749973e+03
-4.377076698450749973e+03
-4.377076698450749973e+03
-4.377076698450749973e+03
-4.377076698450749973e+03
-4.377126021417309857e+03
-4.377099625481309886e+03
-4.377164665155880357e+03
-4.377309486664289579e+03
-4.377309486664289579e+03
-4.377309486664289579e+03
-4.377309486664289579e+03
-4.377287732804189545e+03
-4.377166332317950037e+03
-4.377166332317950037e+03
-4.377312680084690328e+03
-4.377312680084690328e+03
-4.377050253521820196e+03
-4.377050253521820196e+03
-4.377015779827969709e+03
-4.377015779827969709e+03
-4.376901960627679728e+03
-4.376901960627679728e+03
-4.376991529050030294e+03
-4.376949112403860454e+03
-4.376949112403860454e+03
-4.376949112403860454e+03
-4.377164343710640424e+03
-4.377041061395730139e+03
-4.377041061395730139e+03
-4.377041061395730139e+03
-4.377041061395730139e+03
-4.377089767188919723e+03
-4.377089767188919723e+03
-4.377089767188919723e+03
-4.377035707361719687e+03
-4.377214161990669709e+03
-4.377214161990669709e+03
-4.377080399461699926e+03
-4.377080399461699926e+03
-4.377080399461699926e+03
-4.377080399461699926e+03
-4.377236631001839669e+03
-4.377236631001839669e+03
-4.377236631001839669e+03
-4.377236631001839669e+03
-4.377236631001839669e+03
-4.377236631001839669e+03
-4.377281711976939732e+03
-4.377254896332209682e+03
-4.377254896332209682e+03
-4.377254896332209682e+03
-4.377254896332209682e+03
-4.377254896332209682e+03
-4.377254896332209682e+03
-4.377254896332209682e+03
-4.377254896332209682e+03
-4.377254896332209682e+03
-4.377254896332209682e+03
-4.377308338356239801e+03
-4.377308338356239801e+03
-4.377268094844590451e+03
-4.377301911458699578e+03
-4.377391962872639851e+03
-4.377643496202849747e+03
-4.377800005949379738e+03
-4.377800005949379738e+03
-4.377788459409520328e+03
-4.377830468338659557e+03
-4.377663691700629897e+03
-4.377786355001209813e+03
-4.377786355001209813e+03
-4.377786355001209813e+03
-4.377786355001209813e+03
-4.377786355001209813e+03
-4.377790633533410073e+03
-4.377790633533410073e+03
-4.377992141402270136e+03
-4.377992141402270136e+03
-4.377992141402270136e+03
-4.377992141402270136e+03
-4.377992141402270136e+03
-4.378099397792089803e+03
-4.377941592319530173e+03
-4.377978310392840285e+03
-4.377978310392840285e+03
-4.377873810244859669e+03
-4.377873810244859669e+03
-4.377873810244859669e+03
-4.377873810244859669e+03
-4.378074732525859872e+03
-4.378074732525859872e+03
-4.378081765015699602e+03
-4.378081765015699602e+03
-4.378213454635590097e+03
-4.378104684061269836e+03
-4.378104684061269836e+03
-4.378104684061269836e+03
-4.378104684061269836e+03
-4.377962723397089576e+03
-4.377962723397089576e+03
-4.377919911151399901e+03
-4.377890002777079644e+03
-4.377890002777079644e+03
-4.377797470271650127e+03
-4.377797470271650127e+03
-4.377837215381089663e+03
-4.377813706229720083e+03
-4.377813706229720083e+03
-4.377816219621619894e+03
-4.377816219621619894e+03
-4.377803216235999571e+03
-4.377803216235999571e+03
-4.377868879726630439e+03
-4.377771066247950330e+03
-4.377793106861980050e+03
-4.377645455001060327e+03
-4.377563966866800001e+03
-4.377563966866800001e+03
-4.377563966866800001e+03
-4.377548644676960066e+03
-4.377548644676960066e+03
-4.377534342965550422e+03
-4.377534342965550422e+03
-4.377534342965550422e+03
-4.377534342965550422e+03
-4.377534342965550422e+03
-4.377534342965550422e+03
-4.377379425698560226e+03
-4.377379425698560226e+03
-4.377379425698560226e+03
-4.377379425698560226e+03
-4.377379425698560226e+03
-4.377379425698560226e+03
-4.377379425698560226e+03
-4.377457733335039848e+03
-4.377457733335039848e+03
-4.377531662559899814e+03
-4.377531662559899814e+03
-4.377400173772930430e+03
-4.377357104829469790e+03
-4.377185462520030342e+03
-4.377248800950509576e+03
-4.377248800950509576e+03
-4.377248800950509576e+03
-4.377248800950509576e+03
-4.377248800950509576e+03
-4.377248800950509576e+03
-4.377116397980170404e+03
-4.377091369305539956e+03
-4.377091369305539956e+03
-4.377091369305539956e+03
-4.377091369305539956e+03
-4.377091369305539956e+03
-4.377091369305539956e+03
-4.377091369305539956e+03
-4.377091369305539956e+03
-4.376872097286899589e+03
-4.376948330593820174e+03
-4.376948330593820174e+03
-4.376948330593820174e+03
-4.376964017496399720e+03
-4.376964017496399720e+03
-4.376964017496399720e+03
-4.376964017496399720e+03
-4.376964017496399720e+03
-4.376733194656770138e+03
-4.376651610612790137e+03
-4.376651610612790137e+03
-4.376598384608059860e+03
-4.376598384608059860e+03
-4.376706119667470375e+03
-4.376706119667470375e+03
-4.376764689229509713e+03
-4.376681369538479885e+03
-4.376756438534989684e+03
-4.376756438534989684e+03
-4.376756438534989684e+03
-4.376839315593049832e+03
-4.376839315593049832e+03
-4.376839315593049832e+03
-4.376839315593049832e+03
-4.376839315593049832e+03
-4.376839315593049832e+03
-4.376839315593049832e+03
-4.376799043912419620e+03
-4.376791815512850008e+03
-4.376791815512850008e+03
-4.376791815512850008e+03
-4.376791815512850008e+03
-4.376791815512850008e+03
-4.376898690092950346e+03
-4.376796714778060050e+03
-4.376927212728380255e+03
-4.376941700383200441e+03
-4.376806180747200415e+03
-4.376806180747200415e+03
-4.376747134134830048e+03
-4.376747134134830048e+03
-4.376651813115589903e+03
-4.376651813115589903e+03
-4.376651813115589903e+03
-4.376651813115589903e+03
-4.376730718245549724e+03
-4.376730718245549724e+03
-4.376730718245549724e+03
-4.376730718245549724e+03
-4.376730718245549724e+03
-4.376703823074270076e+03
-4.376703823074270076e+03
-4.376703823074270076e+03
-4.376703823074270076e+03
-4.376858488417999979e+03
-4.376888534092900045e+03
-4.376930289257010372e+03
-4.376930289257010372e+03
-4.376930289257010372e+03
-4.376965745065410374e+03
-4.376823454039599710e+03
-4.376681496239620174e+03
-4.376681496239620174e+03
-4.376484938521030017e+03
-4.376453312679699593e+03
-4.376453312679699593e+03
-4.376629381396790450e+03
-4.376624356248050390e+03
-4.376704194304589691e+03
-4.376704194304589691e+03
-4.376704194304589691e+03
-4.376704194304589691e+03
-4.376804592162469817e+03
-4.376804592162469817e+03
-4.376804592162469817e+03
-4.376884710092849673e+03
-4.376725406179590209e+03
-4.376725406179590209e+03
-4.376725406179590209e+03
-4.376708816714480236e+03
-4.376708816714480236e+03
-4.376718032312070136e+03
-4.376718032312070136e+03
-4.376788412860460085e+03
-4.376788412860460085e+03
-4.376788412860460085e+03
-4.376853580886740019e+03
-4.376853580886740019e+03
-4.376853580886740019e+03
-4.376825036641500446e+03
-4.376825036641500446e+03
-4.376825036641500446e+03
-4.376825036641500446e+03
-4.376825036641500446e+03
-4.376825036641500446e+03
-4.376871781236060087e+03
-4.376840372242990270e+03
-4.376840372242990270e+03
-4.376840372242990270e+03
-4.376840372242990270e+03
-4.376840372242990270e+03
-4.376840372242990270e+03
-4.376779559313579739e+03
-4.376779559313579739e+03
-4.376779559313579739e+03
-4.376830171470040113e+03
-4.376687776035700153e+03
-4.376962274766479823e+03
-4.376802914892189619e+03
-4.376802914892189619e+03
-4.376802914892189619e+03
-4.376802914892189619e+03
-4.376802914892189619e+03
-4.376802914892189619e+03
-4.376922827958400376e+03
-4.376922827958400376e+03
-4.376922827958400376e+03
-4.376929169496380382e+03
-4.376912229025890156e+03
-4.376912229025890156e+03
-4.376912229025890156e+03
-4.376992300311139843e+03
-4.376992300311139843e+03
-4.376992300311139843e+03
-4.376911819586700403e+03
-4.376911819586700403e+03
-4.376911819586700403e+03
-4.376977893046970166e+03
-4.376832794168280088e+03
-4.376832794168280088e+03
-4.376732825588360356e+03
-4.376722625763170072e+03
-4.376722625763170072e+03
-4.376722625763170072e+03
-4.376722625763170072e+03
-4.376722625763170072e+03
-4.376722625763170072e+03
-4.376722625763170072e+03
-4.376714944873019704e+03
-4.376714944873019704e+03
-4.376731478461790175e+03
-4.376731478461790175e+03
-4.376731478461790175e+03
-4.376833284851820281e+03
-4.376833284851820281e+03
-4.376936678240849687e+03
-4.376936678240849687e+03
-4.377199569542010067e+03
-4.377199569542010067e+03
-4.377199569542010067e+03
-4.377199569542010067e+03
-4.377338706281690065e+03
-4.377338706281690065e+03
-4.377338706281690065e+03
-4.377338706281690065e+03
-4.377373913203059601e+03
-4.377223231072979615e+03
-4.377284610538120432e+03
-4.377260661832319784e+03
-4.377260661832319784e+03
-4.377260661832319784e+03
-4.377325287979139830e+03
-4.377325287979139830e+03
-4.377325287979139830e+03
-4.377432859899139658e+03
-4.377424429875440183e+03
-4.377424429875440183e+03
-4.377423187640049946e+03
-4.377431566503430076e+03
-4.377431566503430076e+03
-4.377431566503430076e+03
-4.377463582521299941e+03
-4.377531997241960198e+03
-4.377484878935189954e+03
-4.377484878935189954e+03
-4.377484878935189954e+03
-4.377538937147280194e+03
-4.377538937147280194e+03
-4.377538937147280194e+03
-4.377538937147280194e+03
-4.377538937147280194e+03
-4.377538937147280194e+03
-4.377538937147280194e+03
-4.377538937147280194e+03
-4.377456281975300044e+03
-4.377456281975300044e+03
-4.377456281975300044e+03
-4.377456281975300044e+03
-4.377456281975300044e+03
-4.377456281975300044e+03
-4.377456281975300044e+03
-4.377539966527900106e+03
-4.377539966527900106e+03
-4.377539966527900106e+03
-4.377539966527900106e+03
-4.377539966527900106e+03
-4.377539966527900106e+03
-4.377469859072830332e+03
-4.377284021305529677e+03
-4.377284021305529677e+03
-4.377426316879759725e+03
-4.377339097131860399e+03
-4.377339097131860399e+03
-4.377461119175520253e+03
-4.377461119175520253e+03
-4.377426017670750298e+03
-4.377426017670750298e+03
-4.377426017670750298e+03
-4.377384050111880242e+03
-4.377384050111880242e+03
-4.377384050111880242e+03
-4.377388620765599626e+03
-4.377386880122920047e+03
-4.377412567474930256e+03
-4.377412567474930256e+03
-4.377412567474930256e+03
-4.377412567474930256e+03
-4.377412567474930256e+03
-4.377552918861490070e+03
-4.377633886484390132e+03
-4.377633886484390132e+03
-4.377601677787210065e+03
-4.377601677787210065e+03
-4.377601677787210065e+03
-4.377601677787210065e+03
-4.377601677787210065e+03
-4.377601677787210065e+03
-4.377555458959889620e+03
-4.377484947253519749e+03
-4.377622426457410256e+03
-4.377621480463069929e+03
-4.377621480463069929e+03
-4.377570196050949562e+03
-4.377570196050949562e+03
-4.377570196050949562e+03
-4.377570196050949562e+03
-4.377674160987799951e+03
-4.377674160987799951e+03
-4.377608961789510431e+03
-4.377536026947380378e+03
-4.377536026947380378e+03
-4.377536026947380378e+03
-4.377638615819810184e+03
-4.377694639627239667e+03
-4.377694639627239667e+03
-4.377694639627239667e+03
-4.377694639627239667e+03
-4.377871725294689895e+03
-4.377871725294689895e+03
-4.377871725294689895e+03
-4.378003727615970092e+03
-4.377959306239489706e+03
-4.377959306239489706e+03
-4.377933168153160295e+03
-4.377933168153160295e+03
-4.377933168153160295e+03
-4.377933168153160295e+03
-4.377933168153160295e+03
-4.377933168153160295e+03
-4.377949234366379642e+03
-4.377756804772449868e+03
-4.377756804772449868e+03
-4.377572057376400153e+03
-4.377572057376400153e+03
-4.377614496338320350e+03
-4.377460716281850182e+03
-4.377706175771359995e+03
-4.377725997769630339e+03
-4.377870646969970039e+03
-4.377870646969970039e+03
-4.377890542445359642e+03
-4.377890542445359642e+03
-4.377843136685930403e+03
-4.377843136685930403e+03
-4.377843136685930403e+03
-4.377843136685930403e+03
-4.377843136685930403e+03
-4.377843136685930403e+03
-4.377843136685930403e+03
-4.377843136685930403e+03
-4.377843136685930403e+03
-4.377843136685930403e+03
-4.377843136685930403e+03
-4.378200599385800160e+03
-4.378200599385800160e+03
-4.378200599385800160e+03
-4.378200599385800160e+03
-4.378177266145050453e+03
-4.378177266145050453e+03
-4.378177266145050453e+03
-4.378177266145050453e+03
-4.378332089163969613e+03
-4.378332089163969613e+03
-4.378172717938889946e+03
-4.378172717938889946e+03
-4.378172717938889946e+03
-4.378108861040590455e+03
-4.378104697943380415e+03
-4.378104697943380415e+03
-4.378104697943380415e+03
-4.378143068005880195e+03
-4.378157201003619775e+03
-4.378157201003619775e+03
-4.378157201003619775e+03
-4.378191383640480126e+03
-4.378191383640480126e+03
-4.378000432029880358e+03
-4.378000432029880358e+03
-4.378206738909470005e+03
-4.378206738909470005e+03
-4.378206738909470005e+03
-4.378206738909470005e+03
-4.378206738909470005e+03
-4.378152627352140371e+03
-4.378152627352140371e+03
-4.378152627352140371e+03
-4.378152627352140371e+03
-4.378152627352140371e+03
-4.378152627352140371e+03
-4.378078804059739923e+03
-4.378078804059739923e+03
-4.378078804059739923e+03
-4.378078804059739923e+03
-4.378078804059739923e+03
-4.378078804059739923e+03
-4.378078804059739923e+03
-4.378139266290870182e+03
-4.378139266290870182e+03
-4.378139266290870182e+03
-4.378098228990260395e+03
-4.378098228990260395e+03
-4.378187706193190024e+03
-4.378187706193190024e+03
-4.378187706193190024e+03
-4.378187706193190024e+03
-4.378240673172060269e+03
-4.378131472998769823e+03
-4.378131472998769823e+03
-4.378131472998769823e+03
-4.378137779181650330e+03
-4.378137779181650330e+03
-4.378137779181650330e+03
-4.378105753076580186e+03
-4.378105753076580186e+03
-4.378073288927130307e+03
-4.378073288927130307e+03
-4.378020059156890056e+03
-4.377821179227909852e+03
-4.377821179227909852e+03
-4.377889097852070336e+03
-4.377889097852070336e+03
-4.377889097852070336e+03
-4.377880617651089779e+03
-4.377880617651089779e+03
-4.377880617651089779e+03
-4.378043657693079695e+03
-4.378135091624069901e+03
-4.378135091624069901e+03
-4.378135091624069901e+03
-4.378135091624069901e+03
-4.378135091624069901e+03
-4.378149095304230286e+03
-4.378149095304230286e+03
-4.378149095304230286e+03
-4.378149095304230286e+03
-4.378149095304230286e+03
-4.378149095304230286e+03
-4.378149095564889649e+03
-4.377994746026600296e+03
-4.377994746026600296e+03
-4.378194323923040429e+03
-4.378293257117429675e+03
-4.378293257117429675e+03
-4.378427362615810125e+03
-4.378380154045909876e+03
-4.378380154045909876e+03
-4.378380154045909876e+03
-4.378380154045909876e+03
-4.378501067545539627e+03
-4.378542263592000381e+03
-4.378636340701100380e+03
-4.378630813576989567e+03
-4.378630813576989567e+03
-4.378630813576989567e+03
-4.378630813576989567e+03
-4.378513973900810015e+03
-4.378507399123370305e+03
-4.378507399123370305e+03
-4.378313833043020168e+03
-4.378313833043020168e+03
-4.378321581313160095e+03
-4.378321581313160095e+03
-4.378321581313160095e+03
-4.378321581313160095e+03
-4.378321581313160095e+03
-4.378370597441229620e+03
-4.378426881015279832e+03
-4.378426070034220174e+03
-4.378426070034220174e+03
-4.378426070034220174e+03
-4.378426070034220174e+03
-4.378426070034220174e+03
-4.378426070034220174e+03
-4.378426070034220174e+03
-4.378426070034220174e+03
-4.378426070034220174e+03
-4.378287163090800277e+03
-4.378287163090800277e+03
-4.378343033001259755e+03
-4.378406399460879584e+03
-4.378406399460879584e+03
-4.378432188803119971e+03
-4.378432188803119971e+03
-4.378432188803119971e+03
-4.378432188803119971e+03
-4.378432188803119971e+03
-4.378432188803119971e+03
-4.378432188803119971e+03
-4.378389494539979751e+03
-4.378445551673859882e+03
-4.378445551673859882e+03
-4.378445551673859882e+03
-4.378458389427980364e+03
-4.378458389427980364e+03
-4.378383361330729713e+03
-4.378607415382440195e+03
-4.378607415382440195e+03
-4.378607415382440195e+03
-4.378607415382440195e+03
-4.378716834759659832e+03
-4.378687476860350216e+03
-4.378735945077850374e+03
-4.378655340878490279e+03
-4.378655340878490279e+03
-4.378655340878490279e+03
-4.378655340878490279e+03
-4.378655340878490279e+03
-4.378726530042949889e+03
-4.378726530042949889e+03
-4.378766165929069757e+03
-4.378646669773410395e+03
-4.378646669773410395e+03
-4.378646669773410395e+03
-4.378646669773410395e+03
-4.378646669773410395e+03
-4.378837772957440393e+03
-4.378837772957440393e+03
-4.378834418324289800e+03
-4.378674979780290414e+03
-4.378674979780290414e+03
-4.378649938264799857e+03
-4.378649938264799857e+03
-4.378649938264799857e+03
-4.378649938264799857e+03
-4.378649938264799857e+03
-4.378572016447989881e+03
-4.378572016447989881e+03
-4.378572016447989881e+03
-4.378572016447989881e+03
-4.378572016447989881e+03
-4.378627447228220262e+03
-4.378627447228220262e+03
-4.378627447228220262e+03
-4.378620133752960101e+03
-4.378749642913900061e+03
-4.378389698556499752e+03
-4.378512930514450090e+03
-4.378512930514450090e+03
-4.378512930514450090e+03
-4.378512930514450090e+03
-4.378436368112120363e+03
-4.378384711858169794e+03
-4.378384711858169794e+03
-4.378313179967260112e+03
-4.378550241916200321e+03
-4.378550241916200321e+03
-4.378550241916200321e+03
-4.378550241916200321e+03
-4.378601773854759813e+03
-4.378548562590630354e+03
-4.378548562590630354e+03
-4.378548562590630354e+03
-4.378548562590630354e+03
-4.378548562590630354e+03
-4.378548562590630354e+03
-4.378548562590630354e+03
-4.378548562590630354e+03
-4.378548562590630354e+03
-4.378415073030760141e+03
-4.378415073030760141e+03
-4.378421440646849987e+03
-4.378421440646849987e+03
-4.378372215585000049e+03
-4.378372215585000049e+03
-4.378372215585000049e+03
-4.378528486789289673e+03
-4.378469571529140012e+03
-4.378616701627170187e+03
-4.378616701627170187e+03
-4.378506688778110401e+03
-4.378506688778110401e+03
-4.378506688778110401e+03
-4.378535186799539588e+03
-4.378535186799539588e+03
-4.378535186799539588e+03
-4.378535186799539588e+03
-4.378438479862070380e+03
-4.378480593666349705e+03
-4.378480593666349705e+03
-4.378480593666349705e+03
-4.378471755499599567e+03
-4.378570902619630033e+03
-4.378570902619630033e+03
-4.378570902619630033e+03
-4.378355605187540277e+03
-4.378355605187540277e+03
-4.378355605187540277e+03
-4.378355605187540277e+03
-4.378355605187540277e+03
-4.378206280718950438e+03
-4.378206280718950438e+03
-4.378206280718950438e+03
-4.378206280718950438e+03
-4.378257359338789684e+03
-4.378257359338789684e+03
-4.378257359338789684e+03
-4.378171844971539940e+03
-4.378236581019070400e+03
-4.378236581019070400e+03
-4.378236581019070400e+03
-4.378236581019070400e+03
-4.378236581019070400e+03
-4.378226816210580182e+03
-4.378050447650930437e+03
-4.378050447650930437e+03
-4.378032709781909944e+03
-4.377888624855099806e+03
-4.377888624855099806e+03
-4.377888624855099806e+03
-4.377880660935110427e+03
-4.377849556976890199e+03
-4.377885178768249716e+03
-4.377885178768249716e+03
-4.377885178768249716e+03
-4.377885178768249716e+03
-4.377958225482790112e+03
-4.378074806709980294e+03
-4.378099238869060173e+03
-4.378091763775900290e+03
-4.378236213503700128e+03
-4.378213105617859583e+03
-4.378030333780609908e+03
-4.378118352060680081e+03
-4.378118352060680081e+03
-4.378118352060680081e+03
-4.378182894212250176e+03
-4.378307593626899688e+03
-4.378424744393470064e+03
-4.378424744393470064e+03
-4.378424744393470064e+03
-4.378424744393470064e+03
-4.378424744393470064e+03
-4.378518212832799691e+03
-4.378518212832799691e+03
-4.378518212832799691e+03
-4.378271580047719908e+03
-4.378271580047719908e+03
-4.378271580047719908e+03
-4.377999460471020029e+03
-4.378050730998370454e+03
-4.378074067679230211e+03
-4.378156232924569849e+03
-4.378180089527069867e+03
-4.378180089527069867e+03
-4.377955528322179816e+03
-4.377980984205300047e+03
-4.377702098531660340e+03
-4.377702098531660340e+03
-4.377745860975240248e+03
-4.377745860975240248e+03
-4.377745860975240248e+03
-4.377792578851220242e+03
-4.377792578851220242e+03
-4.377792578851220242e+03
-4.377772888371239787e+03
-4.377746684846740209e+03
-4.377770895367300000e+03
-4.377770895367300000e+03
-4.377774981971990201e+03
-4.377774981971990201e+03
-4.377903459299050155e+03
-4.378154420090710119e+03
-4.378200623117970281e+03
-4.378200623117970281e+03
-4.378200623117970281e+03
-4.378052878053290442e+03
-4.378052878053290442e+03
-4.378052878053290442e+03
-4.378002765704980447e+03
-4.378133946558149546e+03
-4.378133946558149546e+03
-4.378237190772460053e+03
-4.378099542412390292e+03
-4.378099542412390292e+03
-4.378099542412390292e+03
-4.378099542412390292e+03
-4.378167664168850024e+03
-4.378010666963309632e+03
-4.378010666963309632e+03
-4.378010666963309632e+03
-4.378010666963309632e+03
-4.378010666963309632e+03
-4.378010666963309632e+03
-4.378155255801119893e+03
-4.378155255801119893e+03
-4.378155255801119893e+03
-4.378196528540260260e+03
-4.378196528540260260e+03
-4.378196528540260260e+03
-4.378196528540260260e+03
-4.378218793768310206e+03
-4.378218793768310206e+03
-4.378567011467500379e+03
-4.378567011467500379e+03
-4.378699078220929550e+03
-4.378699078220929550e+03
-4.378699078220929550e+03
-4.378699078220929550e+03
-4.378699078220929550e+03
-4.378699078220929550e+03
-4.378445566443930147e+03
-4.378445566443930147e+03
-4.378445566443930147e+03
-4.378506977533959798e+03
-4.378437091632469674e+03
-4.378437091632469674e+03
-4.378437091632469674e+03
-4.378437091632469674e+03
-4.378437091632469674e+03
-4.378437091632469674e+03
-4.378437091632469674e+03
-4.378437091632469674e+03
-4.378178285456950107e+03
-4.378178285456950107e+03
-4.378250168409779690e+03
-4.378250168409779690e+03
-4.378250168409779690e+03
-4.378250168409779690e+03
-4.378250168409779690e+03
-4.378278993144859669e+03
-4.378250266203100182e+03
-4.378232426552530342e+03
-4.378232426552530342e+03
-4.378232426552530342e+03
-4.378263959862970296e+03
-4.378045411026780130e+03
-4.378045411026780130e+03
-4.378045411026780130e+03
-4.378074472534800407e+03
-4.378040935916519629e+03
-4.378040935916519629e+03
-4.378040935916519629e+03
-4.378040935916519629e+03
-4.377999530598560341e+03
-4.377975476219619850e+03
-4.378039155968999694e+03
-4.378039155968999694e+03
-4.378039155968999694e+03
-4.378039155968999694e+03
-4.378039155968999694e+03
-4.378039155968999694e+03
-4.378044528473110404e+03
-4.378044528473110404e+03
-4.378020794742070393e+03
-4.377986412445970018e+03
-4.377986412445970018e+03
-4.377986412445970018e+03
-4.377836692027020035e+03
-4.377836692027020035e+03
-4.377836692027020035e+03
-4.377836692027020035e+03
-4.378044980451690208e+03
-4.378044980451690208e+03
-4.378029223332539914e+03
-4.378029223332539914e+03
-4.378120062988989957e+03
-4.378120062988989957e+03
-4.378120062988989957e+03
-4.378021626857759657e+03
-4.378021626857759657e+03
-4.378021626857759657e+03
-4.378021626857759657e+03
-4.378021626857759657e+03
-4.378059398637589766e+03
-4.378059398637589766e+03
-4.378059398637589766e+03
-4.378059398637589766e+03
-4.378106287730820441e+03
-4.378094424113510286e+03
-4.378094424113510286e+03
-4.378482908647370095e+03
-4.378482908647370095e+03
-4.378482908647370095e+03
-4.378395803172299566e+03
-4.378395803172299566e+03
-4.378395803172299566e+03
-4.378395803172299566e+03
-4.378395803172299566e+03
-4.378395803172299566e+03
-4.378395803172299566e+03
-4.378395803172299566e+03
-4.378395803172299566e+03
-4.378395803172299566e+03
-4.378395803172299566e+03
-4.378395803172299566e+03
-4.378435644350010080e+03
-4.378748397319360265e+03
-4.378748397319360265e+03
-4.378680154040899652e+03
-4.378605021824469986e+03
-4.378605021824469986e+03
-4.378600460619960359e+03
-4.378609726035009771e+03
-4.378514438238689763e+03
-4.378514438238689763e+03
-4.378514438238689763e+03
-4.378514438238689763e+03
-4.378514438238689763e+03
-4.378514438238689763e+03
-4.378538226695850426e+03
-4.378538226695850426e+03
-4.378538226695850426e+03
-4.378522709157209647e+03
-4.378522709157209647e+03
-4.378444924515149978e+03
-4.378422618483519727e+03
-4.378422618483519727e+03
-4.378422618483519727e+03
-4.378422618483519727e+03
-4.378422618483519727e+03
-4.378376912492800329e+03
-4.378479499273409601e+03
-4.378479499273409601e+03
-4.378717681304039615e+03
-4.378717681304039615e+03
-4.378529284039879713e+03
-4.378505522074709916e+03
-4.378505522074709916e+03
-4.378505522074709916e+03
-4.378583893951769824e+03
-4.378583893951769824e+03
-4.378464974101600092e+03
-4.378464974101600092e+03
-4.378663735756040296e+03
-4.378663735756040296e+03
-4.378663735756040296e+03
-4.378401294025759853e+03
-4.378403781135520148e+03
-4.378333049323149680e+03
-4.378305859462329863e+03
-4.378305859462329863e+03
-4.378305859462329863e+03
-4.378305859462329863e+03
-4.378305859462329863e+03
-4.378305859462329863e+03
-4.378305859462329863e+03
-4.378525422096309740e+03
-4.378506333348899716e+03
-4.378242750789459933e+03
-4.378242750789459933e+03
-4.378242750789459933e+03
-4.378242750789459933e+03
-4.378212205282289688e+03
-4.378212205282289688e+03
-4.378212205282289688e+03
-4.378212205282289688e+03
-4.378212205282289688e+03
-4.378132139025819924e+03
-4.377925691684269623e+03
-4.377909319917120229e+03
-4.377800034048549605e+03
-4.377728818397939904e+03
-4.377728818397939904e+03
-4.377703752096260359e+03
-4.377703752096260359e+03
-4.377704790459169999e+03
-4.377703042350900432e+03
-4.377645434190730157e+03
-4.377645434190730157e+03
-4.377645434190730157e+03
-4.377645434190730157e+03
-4.377645434190730157e+03
-4.377790357313309869e+03
-4.377790357313309869e+03
-4.377785312886910106e+03
-4.377800797995470020e+03
-4.377800797995470020e+03
-4.377622758128800342e+03
-4.377701320625469634e+03
-4.377701320625469634e+03
-4.377622620044599898e+03
-4.377388444053100102e+03
-4.377388444053100102e+03
-4.377580204673819935e+03
-4.377580204673819935e+03
-4.377580204673819935e+03
-4.377580204673819935e+03
-4.377580204673819935e+03
-4.377580204673819935e+03
-4.377580204673819935e+03
-4.377656817066310396e+03
-4.377656817066310396e+03
-4.377661876898089758e+03
-4.377671843328969771e+03
-4.377671843328969771e+03
-4.377671843328969771e+03
-4.377880521751440028e+03
-4.377895518628060017e+03
-4.377895518628060017e+03
-4.377930483758899754e+03
-4.377930483758899754e+03
-4.377970324137760144e+03
-4.378010150632680052e+03
-4.377968535035880450e+03
-4.377974768279409545e+03
-4.378089311875570274e+03
-4.378089311875570274e+03
-4.378093109917030233e+03
-4.378093109917030233e+03
-4.377961235731219858e+03
-4.377961235731219858e+03
-4.377961235731219858e+03
-4.377961235731219858e+03
-4.377961235731219858e+03
-4.377961235731219858e+03
-4.377683792049209842e+03
-4.377611246304159977e+03
-4.377611246304159977e+03
-4.377611246304159977e+03
-4.377611246304159977e+03
-4.377578016067979661e+03
-4.377578016067979661e+03
-4.377794390573680175e+03
-4.377748335567949653e+03
-4.377748335567949653e+03
-4.377748335567949653e+03
-4.377748335567949653e+03
-4.377748335567949653e+03
-4.377748335567949653e+03
-4.377748335567949653e+03
-4.377748335567949653e+03
-4.377675914744159854e+03
-4.377675914744159854e+03
-4.377806432024939568e+03
-4.377804022256779717e+03
-4.377804022256779717e+03
-4.377804022256779717e+03
-4.377804022256779717e+03
-4.377658718949040122e+03
-4.377696329723349663e+03
-4.377696329723349663e+03
-4.377696329723349663e+03
-4.377833438120869687e+03
-4.377716736952979772e+03
-4.377716736952979772e+03
-4.377716736952979772e+03
-4.377716736952979772e+03
-4.377716736952979772e+03
-4.377716736952979772e+03
-4.377716736952979772e+03
-4.377702021680300277e+03
-4.377598339388289787e+03
-4.377598339388289787e+03
-4.377598339388289787e+03
-4.377592562851839830e+03
-4.377583924217239655e+03
-4.377583924217239655e+03
-4.377583924217239655e+03
-4.377583924217239655e+03
-4.377726631396350058e+03
-4.377678649239100196e+03
-4.377924795094119872e+03
-4.377924795094119872e+03
-4.377924795094119872e+03
-4.377900447177999922e+03
-4.377928340232780101e+03
-4.377928340232780101e+03
-4.377928340232780101e+03
-4.378039465527220273e+03
-4.378039465527220273e+03
-4.378039465527220273e+03
-4.378039465527220273e+03
-4.378039465527220273e+03
-4.378039465527220273e+03
-4.378039465527220273e+03
-4.378106735925180146e+03
-4.378106735925180146e+03
-4.378106735925180146e+03
-4.378106735925180146e+03
-4.378240265308369999e+03
-4.378057603376720181e+03
-4.378057603376720181e+03
-4.378013030146060373e+03
-4.378013030146060373e+03
-4.378013030146060373e+03
-4.378013030146060373e+03
-4.378013030146060373e+03
-4.378185784783659983e+03
-4.378185784783659983e+03
-4.378165374838060416e+03
-4.378165374838060416e+03
-4.378217961677700259e+03
-4.378217961677700259e+03
-4.378217961677700259e+03
-4.378217961677700259e+03
-4.378226963545579565e+03
-4.378226963545579565e+03
-4.378226963545579565e+03
-4.378226963545579565e+03
-4.378226963545579565e+03
-4.378261388798129701e+03
-4.378261388798129701e+03
-4.378261388798129701e+03
-4.378247261994300061e+03
-4.378247261994300061e+03
-4.378377809251380313e+03
-4.378377809251380313e+03
-4.378377809251380313e+03
-4.378431076372199641e+03
-4.378431076372199641e+03
-4.378431076372199641e+03
-4.378431076372199641e+03
-4.378431076372199641e+03
-4.378431076372199641e+03
-4.378431076372199641e+03
-4.378259921397600010e+03
-4.378348199952009963e+03
-4.378348199952009963e+03
-4.378348199952009963e+03
-4.378348199952009963e+03
-4.378590757695280445e+03
-4.378338048308510224e+03
-4.378338048308510224e+03
-4.378319987315309845e+03
-4.378319987315309845e+03
-4.378319987315309845e+03
-4.378209771262379945e+03
-4.378209771262379945e+03
-4.378428979269169758e+03
-4.378567153484539631e+03
-4.378567153484539631e+03
-4.378466276115739674e+03
-4.378272923786090359e+03
-4.378272923786090359e+03
-4.378272923786090359e+03
-4.378272923786090359e+03
-4.378272923786090359e+03
-4.378272923786090359e+03
-4.378272923786090359e+03
-4.378272923786090359e+03
-4.378268461434359779e+03
-4.378268461434359779e+03
-4.378275618805049817e+03
-4.378225889140119762e+03
-4.378300076526060366e+03
-4.378219977364039551e+03
-4.378157362372649914e+03
-4.378157362372649914e+03
-4.378157362372649914e+03
-4.378205603377020452e+03
-4.378167251970049620e+03
-4.378167251970049620e+03
-4.378167251970049620e+03
-4.378167251970049620e+03
-4.378147253146160438e+03
-4.378246819090300050e+03
-4.378246819090300050e+03
-4.378246819090300050e+03
-4.378246819090300050e+03
-4.378246819090300050e+03
-4.378186065341829817e+03
-4.378186065341829817e+03
-4.378186065341829817e+03
-4.378186065341829817e+03
-4.378186065341829817e+03
-4.378186065341829817e+03
-4.378186065341829817e+03
-4.378198625941689897e+03
-4.378270350967350169e+03
-4.378298391401839581e+03
-4.378298391401839581e+03
-4.378298391401839581e+03
-4.378298391401839581e+03
-4.378298391401839581e+03
-4.378298391401839581e+03
-4.378298391401839581e+03
-4.378298391401839581e+03
-4.378307834346400341e+03
-4.378307834346400341e+03
-4.378307834346400341e+03
-4.378115093558720218e+03
-4.378115093558720218e+03
-4.378115093558720218e+03
-4.378115093558720218e+03
-4.378115093558720218e+03
-4.378115093558720218e+03
-4.378115093558720218e+03
-4.378115093558720218e+03
-4.378115093558720218e+03
-4.378115093558720218e+03
-4.378115093558720218e+03
-4.378115093558720218e+03
-4.378115093558720218e+03
-4.378115093558720218e+03
-4.378115093558720218e+03
-4.378106098418609690e+03
-4.378106098418609690e+03
-4.378056760262749776e+03
-4.377805927869690095e+03
-4.377805927869690095e+03
-4.377777285273449706e+03
-4.377777285273449706e+03
-4.377777285273449706e+03
-4.377777285273449706e+03
-4.377777285273449706e+03
-4.377777285273449706e+03
-4.377848829879229925e+03
-4.377848829879229925e+03
-4.377833384927050247e+03
-4.378103089482689938e+03
-4.378103089482689938e+03
-4.378122064791109551e+03
-4.378122064791109551e+03
-4.378122064791109551e+03
-4.378132804186940120e+03
-4.378132804186940120e+03
-4.378132804186940120e+03
-4.378132804186940120e+03
-4.378132804186940120e+03
-4.378132804186940120e+03
-4.378308060700540409e+03
-4.378308060700540409e+03
-4.378308060700540409e+03
-4.378308060700540409e+03
-4.378491940057860120e+03
-4.378491940057860120e+03
-4.378491940057860120e+03
-4.378491940057860120e+03
-4.378626747249480104e+03
-4.378626747249480104e+03
-4.378626747249480104e+03
-4.378626747249480104e+03
-4.378776186683469859e+03
-4.378714704766320210e+03
-4.378714704766320210e+03
-4.378714704766320210e+03
-4.378714704766320210e+03
-4.378714704766320210e+03
-4.378714704766320210e+03
-4.378714704766320210e+03
-4.378714704766320210e+03
-4.378708460367410225e+03
-4.378618254217330104e+03
-4.378618254217330104e+03
-4.378618254217330104e+03
-4.378621385548520266e+03
-4.378621385548520266e+03
-4.378621385548520266e+03
-4.378621385548520266e+03
-4.378621385548520266e+03
-4.378621385548520266e+03
-4.378621385548520266e+03
-4.378621385548520266e+03
-4.378720134502240398e+03
-4.378720134502240398e+03
-4.378775624525749663e+03
-4.378805165975620184e+03
-4.378805165975620184e+03
-4.378814094757120074e+03
-4.378753527305460011e+03
-4.378780344178109772e+03
-4.378841030179350128e+03
-4.378772003910089552e+03
-4.378772003910089552e+03
-4.378883066248899922e+03
-4.378883066248899922e+03
-4.378950437322029757e+03
-4.378950437322029757e+03
-4.378796642230459838e+03
-4.378528359834450384e+03
-4.378528359834450384e+03
-4.378528359834450384e+03
-4.378681531079019805e+03
-4.378681531079019805e+03
-4.378681531079019805e+03
-4.378681531079019805e+03
-4.378680637428909904e+03
-4.378708170398789662e+03
-4.378708170398789662e+03
-4.378603889611439627e+03
-4.378603889611439627e+03
-4.378397530010680384e+03
-4.378476368224760336e+03
-4.378476368224760336e+03
-4.378476368224760336e+03
-4.378313516033849737e+03
-4.378179177303620236e+03
-4.378179177303620236e+03
-4.378200634585549778e+03
-4.378200634585549778e+03
-4.378200634585549778e+03
-4.378264145689069665e+03
-4.378322943969559674e+03
-4.378410504427370142e+03
-4.378410504427370142e+03
-4.378410504427370142e+03
-4.378410504427370142e+03
-4.378410504427370142e+03
-4.378412997912229912e+03
-4.378412997912229912e+03
-4.378374808728780408e+03
-4.378315266105239971e+03
-4.378315266105239971e+03
-4.378315266105239971e+03
-4.378315266105239971e+03
-4.378315266105239971e+03
-4.378315266105239971e+03
-4.378263895449709707e+03
-4.378304493962509696e+03
-4.378364237006660005e+03
-4.378344825335560017e+03
-4.378344825335560017e+03
-4.378344825335560017e+03
-4.378193453131760180e+03
-4.378193453131760180e+03
-4.378193453131760180e+03
-4.378193224956249651e+03
-4.378260786614399876e+03
-4.378043025679919992e+03
-4.378038864646769980e+03
-4.378038864646769980e+03
-4.377941821510939917e+03
-4.377941821510939917e+03
-4.377941821510939917e+03
-4.378010393929909696e+03
-4.378010393929909696e+03
-4.378031467001410419e+03
-4.378031467001410419e+03
-4.378031467001410419e+03
-4.378108386132979831e+03
-4.377796942090650191e+03
-4.377796942090650191e+03
-4.377812640782040035e+03
-4.377812640782040035e+03
-4.377812640782040035e+03
-4.377812640782040035e+03
-4.377834528406349818e+03
-4.377834528406349818e+03
-4.377834528406349818e+03
-4.377825533997620369e+03
-4.377852927230460409e+03
-4.377852927230460409e+03
-4.377852927230460409e+03
-4.377852927230460409e+03
-4.377852927230460409e+03
-4.377791602436430367e+03
-4.377791602436430367e+03
-4.377791602436430367e+03
-4.377757350209049946e+03
-4.377757350209049946e+03
-4.377757350209049946e+03
-4.377685418264110012e+03
-4.377833573089559650e+03
-4.377833573089559650e+03
-4.377833573089559650e+03
-4.377833573089559650e+03
-4.377833573089559650e+03
-4.377833573089559650e+03
-4.377833573089559650e+03
-4.377776771434780130e+03
-4.377776505571229791e+03
-4.377776505571229791e+03
-4.377776505571229791e+03
-4.377776505571229791e+03
-4.377776505571229791e+03
-4.377776505571229791e+03
-4.377776505571229791e+03
-4.377776505571229791e+03
-4.377948831994610373e+03
-4.377948831994610373e+03
-4.377948831994610373e+03
-4.378163474767439766e+03
-4.378163474767439766e+03
-4.378163474767439766e+03
-4.378163474767439766e+03
-4.378132236178729727e+03
-4.378121475500120141e+03
-4.378121475500120141e+03
-4.378121475500120141e+03
-4.378121475500120141e+03
-4.378039253296079551e+03
-4.378039253296079551e+03
-4.378075458936649738e+03
-4.378062444031849736e+03
-4.378062444031849736e+03
-4.378062444031849736e+03
-4.378058630063470446e+03
-4.377793777342820249e+03
-4.377793777342820249e+03
-4.377793777342820249e+03
-4.377793777342820249e+03
-4.377816290582940383e+03
-4.377816290582940383e+03
-4.377816290582940383e+03
-4.377908884798230247e+03
-4.377862557791710060e+03
-4.377862557791710060e+03
-4.377862557791710060e+03
-4.377862557791710060e+03
-4.377862557791710060e+03
-4.378045234778290251e+03
-4.378045234778290251e+03
-4.378045234778290251e+03
-4.377966608342069776e+03
-4.377966608342069776e+03
-4.378022075642849813e+03
-4.378036890624500302e+03
-4.378036890624500302e+03
-4.378036890624500302e+03
-4.378028576200349562e+03
-4.378028576200349562e+03
-4.378028576200349562e+03
-4.378028576200349562e+03
-4.378040271949230373e+03
-4.378040271949230373e+03
-4.378040271949230373e+03
-4.378040271949230373e+03
-4.378040271949230373e+03
-4.378040271949230373e+03
-4.378040271949230373e+03
-4.378012610098970072e+03
-4.378103536480120056e+03
-4.378103536480120056e+03
-4.378103536480120056e+03
-4.378096778981769603e+03
-4.378096778981769603e+03
-4.378096778981769603e+03
-4.378096778981769603e+03
-4.378096778981769603e+03
-4.378096778981769603e+03
-4.378100278294669806e+03
-4.377812151835480108e+03
-4.377812151835480108e+03
-4.377742294948009658e+03
-4.377742294948009658e+03
-4.377742294948009658e+03
-4.377736447277970001e+03
-4.377855272887610226e+03
-4.377855272887610226e+03
-4.377855272887610226e+03
-4.377855272887610226e+03
-4.377774668848739566e+03
-4.377538233108670283e+03
-4.377538233108670283e+03
-4.377538233108670283e+03
-4.377575890056699791e+03
-4.377575890056699791e+03
-4.377575890056699791e+03
-4.377542175270329608e+03
-4.377542175270329608e+03
-4.377542175270329608e+03
-4.377542175270329608e+03
-4.377542175270329608e+03
-4.377542175270329608e+03
-4.377479076025249924e+03
-4.377388210762320341e+03
-4.377440678966139785e+03
-4.377440678966139785e+03
-4.377415180986959967e+03
-4384.4667321998
