-4.366139311575419924e+03
-4.366139311575419924e+03
-4.366139311575419924e+03
-4.366253925301150048e+03
-4.366340271266900345e+03
-4.366384650842660449e+03
-4.366433704375000161e+03
-4.366527171715420081e+03
-4.366698882312470232e+03
-4.366624966145490362e+03
-4.366785319792959854e+03
-4.366671635692719974e+03
-4.366671635692719974e+03
-4.366748184965529617e+03
-4.366645479524079747e+03
-4.366650608664819629e+03
-4.366603586460430051e+03
-4.366473490863199913e+03
-4.366600374535580158e+03
-4.366600374535580158e+03
-4.366600374535580158e+03
-4.366872437704730146e+03
-4.366872437704730146e+03
-4.366919268487769841e+03
-4.366919268487769841e+03
-4.367077994419820243e+03
-4.367077994419820243e+03
-4.367077994419820243e+03
-4.367227818014580407e+03
-4.367227818014580407e+03
-4.367227818014580407e+03
-4.367227818014580407e+03
-4.367227818014580407e+03
-4.367227818014580407e+03
-4.367227818014580407e+03
-4.367313507476649647e+03
-4.367312777447369626e+03
-4.367312777447369626e+03
-4.367425420011900314e+03
-4.367425420011900314e+03
-4.367425420011900314e+03
-4.367187523584379960e+03
-4.367169763967979634e+03
-4.367495046670020201e+03
-4.367422810071339882e+03
-4.367458892847849711e+03
-4.367646682115489966e+03
-4.367646682115489966e+03
-4.367373626141779823e+03
-4.367281153261979853e+03
-4.367619318182179995e+03
-4.367471783037140085e+03
-4.367471783037140085e+03
-4.367633408121449975e+03
-4.367703175010859923e+03
-4.367802150772539790e+03
-4.367802150772539790e+03
-4.367802150772539790e+03
-4.367792645723900023e+03
-4.367792645723900023e+03
-4.367744143819550118e+03
-4.367744143819550118e+03
-4.367744143819550118e+03
-4.367862850020859696e+03
-4.367862850020859696e+03
-4.367905445624670392e+03
-4.368250756144750085e+03
-4.368454137588440062e+03
-4.368462770501059822e+03
-4.368467515565430404e+03
-4.368467515565430404e+03
-4.368490653387169914e+03
-4.368526641729309631e+03
-4.368526641729309631e+03
-4.368526641729309631e+03
-4.368526641729309631e+03
-4.368735447708930224e+03
-4.368771541719110246e+03
-4.368771541719110246e+03
-4.368902188899060093e+03
-4.368952297460469708e+03
-4.368952297460469708e+03
-4.369147949099069592e+03
-4.369147949099069592e+03
-4.369357694673980404e+03
-4.369357694673980404e+03
-4.369357676512549915e+03
-4.369357676512549915e+03
-4.369357676512549915e+03
-4.369583729835509985e+03
-4.369581079325050268e+03
-4.369581079325050268e+03
-4.369562866776300325e+03
-4.369562866776300325e+03
-4.369747744540940403e+03
-4.369747744540940403e+03
-4.369747744540940403e+03
-4.369747744540940403e+03
-4.369738963116170453e+03
-4.369738963116170453e+03
-4.369905975687520368e+03
-4.369955140142899836e+03
-4.369955140142899836e+03
-4.369912662750210075e+03
-4.369946961519520300e+03
-4.370023276323309801e+03
-4.369960282699389609e+03
-4.369997732322500269e+03
-4.370151696794800046e+03
-4.370151696794800046e+03
-4.370090474648070085e+03
-4.370103464335130411e+03
-4.370103464335130411e+03
-4.370311524991239821e+03
-4.370435668777679894e+03
-4.370502784845220049e+03
-4.370348459908390396e+03
-4.370562277698290018e+03
-4.370604501764099950e+03
-4.370582379501620380e+03
-4.370582379501620380e+03
-4.370581811821780320e+03
-4.370581811821780320e+03
-4.370581811821780320e+03
-4.370581811821780320e+03
-4.370581811821780320e+03
-4.370581811821780320e+03
-4.370581811821780320e+03
-4.370581811821780320e+03
-4.370625627295010418e+03
-4.370625627295010418e+03
-4.370683740731689795e+03
-4.370683740731689795e+03
-4.370760557790190433e+03
-4.370482152837419562e+03
-4.370482152837419562e+03
-4.370482152837419562e+03
-4.370622095735750008e+03
-4.370584423910079749e+03
-4.370694275171180379e+03
-4.370694275171180379e+03
-4.370712438159600424e+03
-4.370712438159600424e+03
-4.370712438159600424e+03
-4.371013842789830051e+03
-4.371013842789830051e+03
-4.371013842789830051e+03
-4.370927742143680007e+03
-4.370891973842980406e+03
-4.370891973842980406e+03
-4.370759318934399744e+03
-4.370759318934399744e+03
-4.370739815973530312e+03
-4.370739815973530312e+03
-4.370739815973530312e+03
-4.370739815973530312e+03
-4.370739815973530312e+03
-4.370642244580950319e+03
-4.370739244812920333e+03
-4.370771531099650019e+03
-4.370727459435420315e+03
-4.370899660339759976e+03
-4.371170804417020008e+03
-4.371136829402230433e+03
-4.371136829402230433e+03
-4.371283904522189914e+03
-4.371481980662650130e+03
-4.371481980662650130e+03
-4.371485024598810014e+03
-4.371589868935389859e+03
-4.371589868935389859e+03
-4.371588155280150204e+03
-4.371533959962530389e+03
-4.371533959962530389e+03
-4.371533959962530389e+03
-4.371533959962530389e+03
-4.371533959962530389e+03
-4.371533959962530389e+03
-4.371637994014639844e+03
-4.371588224597419867e+03
-4.371716897975519714e+03
-4.371674994181270449e+03
-4.371674994181270449e+03
-4.372070336568570383e+03
-4.372125822685519779e+03
-4.372211048747480163e+03
-4.372211048747480163e+03
-4.372211048747480163e+03
-4.372211048747480163e+03
-4.372278175876619571e+03
-4.372278175876619571e+03
-4.372338468167149585e+03
-4.372296262150140137e+03
-4.372570649064909958e+03
-4.372570649064909958e+03
-4.372448049347580309e+03
-4.372448049347580309e+03
-4.372448049347580309e+03
-4.372448049347580309e+03
-4.372448049347580309e+03
-4.372448049347580309e+03
-4.372448049347580309e+03
-4.372448049347580309e+03
-4.372448049347580309e+03
-4.372799048051800128e+03
-4.372573885118160433e+03
-4.372573885118160433e+03
-4.372889382183319867e+03
-4.372889382183319867e+03
-4.372958932882500449e+03
-4.373060206027629647e+03
-4.373141620616440377e+03
-4.373141620616440377e+03
-4.373141620616440377e+03
-4.373148852703619923e+03
-4.373047729646489643e+03
-4.373047729646489643e+03
-4.373047729646489643e+03
-4.373047729646489643e+03
-4.373047729646489643e+03
-4.373047729646489643e+03
-4.373105970110909766e+03
-4.373105970110909766e+03
-4.373192427780209982e+03
-4.373192427780209982e+03
-4.373192427780209982e+03
-4.373279294054070306e+03
-4.373279294054070306e+03
-4.373482425979479558e+03
-4.373482425979479558e+03
-4.373574132959820417e+03
-4.373586066958319861e+03
-4.373609853075079627e+03
-4.373564938370699565e+03
-4.373564938370699565e+03
-4.373564938370699565e+03
-4.373759517307409624e+03
-4.373614753302519603e+03
-4.373614753302519603e+03
-4.373729876790410344e+03
-4.373729876790410344e+03
-4.373729876790410344e+03
-4.373677908523650331e+03
-4.373677908523650331e+03
-4.373677908523650331e+03
-4.373677908523650331e+03
-4.373645088382670110e+03
-4.373645088382670110e+03
-4.373426224137850113e+03
-4.373426224137850113e+03
-4.373382419736370139e+03
-4.373382419736370139e+03
-4.373309514239889722e+03
-4.373519584655289691e+03
-4.373360731030269562e+03
-4.373252959453910080e+03
-4.373217152931169949e+03
-4.373394369580920284e+03
-4.373370121413049674e+03
-4.373398511496309766e+03
-4.373361367126550249e+03
-4.373337673222010380e+03
-4.373396907786989686e+03
-4.373396907786989686e+03
-4.373396907786989686e+03
-4.373396907786989686e+03
-4.373396907786989686e+03
-4.373514019787799953e+03
-4.373514019787799953e+03
-4.373642257719820009e+03
-4.373642257719820009e+03
-4.373690094288629552e+03
-4.373690094288629552e+03
-4.373666474821289739e+03
-4.373709023335110032e+03
-4.373709023335110032e+03
-4.373709023335110032e+03
-4.373886899606250154e+03
-4.374105534487180194e+03
-4.374268234011059576e+03
-4.374241563523580226e+03
-4.374207554357840309e+03
-4.374301894946909670e+03
-4.374191709141379761e+03
-4.374038266926409960e+03
-4.374068451388369795e+03
-4.374068451388369795e+03
-4.374146398125039923e+03
-4.374151118579719878e+03
-4.374160266179340397e+03
-4.374160266179340397e+03
-4.374160266179340397e+03
-4.374160266179340397e+03
-4.374160266179340397e+03
-4.374160266179340397e+03
-4.374160266179340397e+03
-4.374160266179340397e+03
-4.374160266179340397e+03
-4.374097888015619901e+03
-4.374097888015619901e+03
-4.374097888015619901e+03
-4.374097888015619901e+03
-4.374097888015619901e+03
-4.374086884984940298e+03
-4.374086884984940298e+03
-4.373962430238389970e+03
-4.373971534174859698e+03
-4.374047646711999732e+03
-4.374124999577080416e+03
-4.374248421924169634e+03
-4.374229393862519828e+03
-4.374339429893960187e+03
-4.374339429893960187e+03
-4.374441862247799691e+03
-4.374441862247799691e+03
-4.374207663393590337e+03
-4.374207663393590337e+03
-4.374400370290870342e+03
-4.374400370290870342e+03
-4.374239604051849710e+03
-4.374319718640330393e+03
-4.374319718640330393e+03
-4.374319718640330393e+03
-4.374319718640330393e+03
-4.374541316428249957e+03
-4.374617143654670144e+03
-4.374617143654670144e+03
-4.374617143654670144e+03
-4.374545153481530178e+03
-4.374545153481530178e+03
-4.374545153481530178e+03
-4.374545153481530178e+03
-4.374545153481530178e+03
-4.374545153481530178e+03
-4.374545153481530178e+03
-4.374545153481530178e+03
-4.374545153481530178e+03
-4.374693734014250367e+03
-4.374649529990800147e+03
-4.374738948963289658e+03
-4.374738948963289658e+03
-4.374738948963289658e+03
-4.374738948963289658e+03
-4.374738948963289658e+03
-4.374751528513639641e+03
-4.374751528513639641e+03
-4.374741878166400056e+03
-4.374747302605440382e+03
-4.374747302605440382e+03
-4.374693413820669775e+03
-4.374693413820669775e+03
-4.374693413820669775e+03
-4.374650793007090215e+03
-4.374650793007090215e+03
-4.374681375002929599e+03
-4.374673661166189959e+03
-4.374690253124819719e+03
-4.374672148897850093e+03
-4.374672148897850093e+03
-4.374672148897850093e+03
-4.374821232972730286e+03
-4.374821232972730286e+03
-4.374821232972730286e+03
-4.374468640059620157e+03
-4.374468640059620157e+03
-4.374468640059620157e+03
-4.374522809287070231e+03
-4.374664505418279987e+03
-4.374833917412330266e+03
-4.375282614851819744e+03
-4.375282614851819744e+03
-4.375193518274129929e+03
-4.375193518274129929e+03
-4.375099700159539680e+03
-4.375099700159539680e+03
-4.375099700159539680e+03
-4.375099700159539680e+03
-4.375165266459969644e+03
-4.375165266459969644e+03
-4.375165266459969644e+03
-4.375165266459969644e+03
-4.375320351910049794e+03
-4.375385403252200376e+03
-4.375288379857170185e+03
-4.375288379857170185e+03
-4.375288379857170185e+03
-4.375330404276800436e+03
-4.375393538398099736e+03
-4.375474279324200324e+03
-4.375474279324200324e+03
-4.375425904699630337e+03
-4.375539327655549641e+03
-4.375574343715859868e+03
-4.375519160629440194e+03
-4.375507402523149722e+03
-4.375656813919479646e+03
-4.375656813919479646e+03
-4.375656813919479646e+03
-4.375656813919479646e+03
-4.375526608763059812e+03
-4.375526608763059812e+03
-4.375583037304890240e+03
-4.375583037304890240e+03
-4.375583037304890240e+03
-4.375731099793550129e+03
-4.375876988257209632e+03
-4.375876988257209632e+03
-4.375876988257209632e+03
-4.375876988257209632e+03
-4.375940332847870195e+03
-4.375940332847870195e+03
-4.375853978126229777e+03
-4.375853978126229777e+03
-4.375911339025459711e+03
-4.375945413134620139e+03
-4.375927581824050321e+03
-4.376107018285650156e+03
-4.376107018285650156e+03
-4.376107018285650156e+03
-4.376107018285650156e+03
-4.376107018285650156e+03
-4.376107018285650156e+03
-4.376107018285650156e+03
-4.376107018285650156e+03
-4.376115879393520117e+03
-4.376115879393520117e+03
-4.376063022036600159e+03
-4.376063022036600159e+03
-4.375966033160059851e+03
-4.375966033160059851e+03
-4.376166952068560022e+03
-4.376129808962559764e+03
-4.376094324924790271e+03
-4.375836627673389557e+03
-4.375836627673389557e+03
-4.375836627673389557e+03
-4.375891721282409890e+03
-4.375891721282409890e+03
-4.375891721282409890e+03
-4.375891721282409890e+03
-4.375891721282409890e+03
-4.375891721282409890e+03
-4.375921803272260149e+03
-4.375921803272260149e+03
-4.375861599581289738e+03
-4.375861599581289738e+03
-4.375861599581289738e+03
-4.375861599581289738e+03
-4.375861599581289738e+03
-4.375861599581289738e+03
-4.375836583424180390e+03
-4.375850846476089828e+03
-4.375850846476089828e+03
-4.375784984759329745e+03
-4.375784984759329745e+03
-4.375784984759329745e+03
-4.375784984759329745e+03
-4.375784984759329745e+03
-4.375784984759329745e+03
-4.375784984759329745e+03
-4.375784984759329745e+03
-4.375784984759329745e+03
-4.375637820053610085e+03
-4.375637820053610085e+03
-4.375488754278059787e+03
-4.375488754278059787e+03
-4.375488754278059787e+03
-4.375610393465200104e+03
-4.375610393465200104e+03
-4.375727881243429692e+03
-4.375727881243429692e+03
-4.375727881243429692e+03
-4.375783842864560029e+03
-4.375783842864560029e+03
-4.375783842864560029e+03
-4.375783842864560029e+03
-4.375756216293299985e+03
-4.375756216293299985e+03
-4.375756216293299985e+03
-4.375756216293299985e+03
-4.375756216293299985e+03
-4.375756216293299985e+03
-4.375756216293299985e+03
-4.375756216293299985e+03
-4.375756216293299985e+03
-4.375756216293299985e+03
-4.375756216293299985e+03
-4.375756216293299985e+03
-4.375884744991260050e+03
-4.375834341998010132e+03
-4.375761763769890422e+03
-4.375748352792839796e+03
-4.375765255489600349e+03
-4.375765255489600349e+03
-4.375784822418229851e+03
-4.375864434440510195e+03
-4.375846029775540046e+03
-4.375867584977509978e+03
-4.375668241835760455e+03
-4.375669696615370412e+03
-4.375740406732499650e+03
-4.375805429032189750e+03
-4.375805429032189750e+03
-4.375805429032189750e+03
-4.375805429032189750e+03
-4.375937439787780022e+03
-4.375937439787780022e+03
-4.375941636200490393e+03
-4.375859537044820172e+03
-4.375775408133569726e+03
-4.375775408133569726e+03
-4.375700216433369860e+03
-4.375700216433369860e+03
-4.375879955522549608e+03
-4.375879955522549608e+03
-4.375879955522549608e+03
-4.376170804086250428e+03
-4.376300840567890191e+03
-4.376300840567890191e+03
-4.376346395505620421e+03
-4.376325703061480453e+03
-4.376325703061480453e+03
-4.376325703061480453e+03
-4.376325703061480453e+03
-4.376325703061480453e+03
-4.376325703061480453e+03
-4.376325703061480453e+03
-4.376324888054459734e+03
-4.376324888054459734e+03
-4.376324888054459734e+03
-4.376324888054459734e+03
-4.376324888054459734e+03
-4.376324888054459734e+03
-4.376324888054459734e+03
-4.376324888054459734e+03
-4.376339897572540394e+03
-4.376339897572540394e+03
-4.376522926063969862e+03
-4.376536764852229680e+03
-4.376536764852229680e+03
-4.376237781687779716e+03
-4.376237781687779716e+03
-4.376237781687779716e+03
-4.376237781687779716e+03
-4.376357421784199687e+03
-4.376357421784199687e+03
-4.376357421784199687e+03
-4.376357421784199687e+03
-4.376307262553859800e+03
-4.376272635464650193e+03
-4.376272635464650193e+03
-4.376293488112880368e+03
-4.376293488112880368e+03
-4.376293488112880368e+03
-4.376293488112880368e+03
-4.376151679949180107e+03
-4.375988262892439707e+03
-4.375886363211679964e+03
-4.376096494983349658e+03
-4.376096494983349658e+03
-4.376222418065580314e+03
-4.376222418065580314e+03
-4.376222418065580314e+03
-4.376222418065580314e+03
-4.376158515329079819e+03
-4.376359397712179998e+03
-4.376359397712179998e+03
-4.376440965263869657e+03
-4.376440965263869657e+03
-4.376440965263869657e+03
-4.376516752875770180e+03
-4.376516752875770180e+03
-4.376530562533360353e+03
-4.376530562533360353e+03
-4.376651793275419550e+03
-4.376651793275419550e+03
-4.376651793275419550e+03
-4.376788952023810452e+03
-4.376788952023810452e+03
-4.376843105267889769e+03
-4.376999924267480310e+03
-4.376999924267480310e+03
-4.376999924267480310e+03
-4.376999924267480310e+03
-4.376999924267480310e+03
-4.376999924267480310e+03
-4.376962278205240182e+03
-4.376885398978840385e+03
-4.376885398978840385e+03
-4.376885398978840385e+03
-4.376885398978840385e+03
-4.376885398978840385e+03
-4.376885398978840385e+03
-4.376883493007590005e+03
-4.376883493007590005e+03
-4.376883493007590005e+03
-4.376883493007590005e+03
-4.376883493007590005e+03
-4.376883493007590005e+03
-4.376715291587889624e+03
-4.376715291587889624e+03
-4.376715291587889624e+03
-4.376715291587889624e+03
-4.376679631108109788e+03
-4.376875572201040086e+03
-4.376875572201040086e+03
-4.376875572201040086e+03
-4.376875572201040086e+03
-4.376861208863710090e+03
-4.376897757234250093e+03
-4.376927041855919924e+03
-4.376927041855919924e+03
-4.377067156709449591e+03
-4.377067156709449591e+03
-4.377038829171209727e+03
-4.377038829171209727e+03
-4.377038829171209727e+03
-4.376986999905960147e+03
-4.376986999905960147e+03
-4.376985351214810180e+03
-4.376985351214810180e+03
-4.376985351214810180e+03
-4.377025231625620108e+03
-4.376861570828609729e+03
-4.376861570828609729e+03
-4.377063133703840322e+03
-4.376988339163220189e+03
-4.376988339163220189e+03
-4.377034103194009731e+03
-4.377034103194009731e+03
-4.377170292475009774e+03
-4.377000295164450108e+03
-4.377061483483290431e+03
-4.377056961082230373e+03
-4.377056961082230373e+03
-4.377106918831569601e+03
-4.377106918831569601e+03
-4.377106918831569601e+03
-4.377230025843409749e+03
-4.377194269790859835e+03
-4.377194269790859835e+03
-4.377194269790859835e+03
-4.377194269790859835e+03
-4.377248609763810236e+03
-4.377248609763810236e+03
-4.377248609763810236e+03
-4.377248609763810236e+03
-4.377248609763810236e+03
-4.377248609763810236e+03
-4.377109459125979811e+03
-4.377286740706669661e+03
-4.377265313568969759e+03
-4.377346602125439858e+03
-4.377143457378880157e+03
-4.377198327492110366e+03
-4.377458314971609980e+03
-4.377428857958069784e+03
-4.377428857958069784e+03
-4.377428857958069784e+03
-4.377428857958069784e+03
-4.377428857958069784e+03
-4.377428857958069784e+03
-4.377428857958069784e+03
-4.377428857958069784e+03
-4.377428857958069784e+03
-4.377273154746950240e+03
-4.377253436710539972e+03
-4.377253436710539972e+03
-4.377253436710539972e+03
-4.377023012971360004e+03
-4.377037875438420087e+03
-4.377037875438420087e+03
-4.376934062137210276e+03
-4.376983041869650151e+03
-4.376983041869650151e+03
-4.376983041869650151e+03
-4.376983041869650151e+03
-4.376983041869650151e+03
-4.376960546658429848e+03
-4.376929063412660071e+03
-4.376923939679780233e+03
-4.376923939679780233e+03
-4.376923939679780233e+03
-4.376761555845880139e+03
-4.376672962932319933e+03
-4.376672962932319933e+03
-4.376672962932319933e+03
-4.376672962932319933e+03
-4.376799463358020148e+03
-4.376799463358020148e+03
-4.376799463358020148e+03
-4.376799463358020148e+03
-4.376739322600559717e+03
-4.376737863072859909e+03
-4.376737863072859909e+03
-4.376737863072859909e+03
-4.376749444753950229e+03
-4.376591638794709979e+03
-4.376612751437330189e+03
-4.376248358646230372e+03
-4.376248358646230372e+03
-4.376144387936140447e+03
-4.376435207894700397e+03
-4.376621283489869711e+03
-4.376621283489869711e+03
-4.377001644101649617e+03
-4.377001644101649617e+03
-4.377033606317099839e+03
-4.376989290108350360e+03
-4.376989290108350360e+03
-4.376989290108350360e+03
-4.376989290108350360e+03
-4.376989290108350360e+03
-4.376942336114149839e+03
-4.376858227649109722e+03
-4.376858227649109722e+03
-4.376657924634970186e+03
-4.376657924634970186e+03
-4.376657924634970186e+03
-4.376657924634970186e+03
-4.376657924634970186e+03
-4.376657924634970186e+03
-4.376657924634970186e+03
-4.376557728320680326e+03
-4.376557728320680326e+03
-4.376589551727610342e+03
-4.376500456681999822e+03
-4.376500456681999822e+03
-4.376562408823369879e+03
-4.376820240018129880e+03
-4.376820240018129880e+03
-4.376820240018129880e+03
-4.376820240018129880e+03
-4.376820240018129880e+03
-4.376770360869059914e+03
-4.376770360869059914e+03
-4.376770360869059914e+03
-4.376770360869059914e+03
-4.376770360869059914e+03
-4.376770360869059914e+03
-4.376770360869059914e+03
-4.376770360869059914e+03
-4.376817214648759546e+03
-4.376817214648759546e+03
-4.376763303649699992e+03
-4.376763303649699992e+03
-4.376763303649699992e+03
-4.376746301309140108e+03
-4.377029506009649594e+03
-4.377029506009649594e+03
-4.376878150637499857e+03
-4.376950871054459640e+03
-4.376950871054459640e+03
-4.376950871054459640e+03
-4.377192619553219629e+03
-4.377192619553219629e+03
-4.377186570348780151e+03
-4.377312331152230399e+03
-4.377312331152230399e+03
-4.377139388081230209e+03
-4.377158624920570219e+03
-4.377158624920570219e+03
-4.377158624920570219e+03
-4.377158624920570219e+03
-4.377158624920570219e+03
-4.377187128923100317e+03
-4.377187128923100317e+03
-4.377069629961880310e+03
-4.377010995661229572e+03
-4.376800761329190209e+03
-4.376800761329190209e+03
-4.376800761329190209e+03
-4.376800761329190209e+03
-4.376800761329190209e+03
-4.376762643524990381e+03
-4.376762643524990381e+03
-4.376762643524990381e+03
-4.376762643524990381e+03
-4.376762643524990381e+03
-4.376762643524990381e+03
-4.376762643524990381e+03
-4.376762643524990381e+03
-4.376487161769089653e+03
-4.376474358749739622e+03
-4.376474358749739622e+03
-4.376474358749739622e+03
-4.376474358749739622e+03
-4.376474358749739622e+03
-4.376474358749739622e+03
-4.376474358749739622e+03
-4.376474358749739622e+03
-4.376474358749739622e+03
-4.376474358749739622e+03
-4.376261456895839729e+03
-4.376295354342089922e+03
-4.376351091033489865e+03
-4.376351091033489865e+03
-4.376554745760389778e+03
-4.376703538699909586e+03
-4.376670807320730091e+03
-4.376670807320730091e+03
-4.376670807320730091e+03
-4.376591457909929886e+03
-4.376591457909929886e+03
-4.376591457909929886e+03
-4.376591457909929886e+03
-4.376591457909929886e+03
-4.376591457909929886e+03
-4.376666937817510188e+03
-4.376666937817510188e+03
-4.376739354691720109e+03
-4.376407673083470399e+03
-4.376407673083470399e+03
-4.376312531829369618e+03
-4.376312531829369618e+03
-4.376292662315029702e+03
-4.376302004308059622e+03
-4.376302004308059622e+03
-4.376302004308059622e+03
-4.376339809119799611e+03
-4.376339809119799611e+03
-4.376336958058420350e+03
-4.376336958058420350e+03
-4.376336958058420350e+03
-4.376336958058420350e+03
-4.376386719241660103e+03
-4.376398799875420082e+03
-4.376402397221269894e+03
-4.376402397221269894e+03
-4.376402397221269894e+03
-4.376402397221269894e+03
-4.376402397221269894e+03
-4.376402397221269894e+03
-4.376402397221269894e+03
-4.376402397221269894e+03
-4.376402397221269894e+03
-4.376402397221269894e+03
-4.376402397221269894e+03
-4.376402397221269894e+03
-4.376307992917400043e+03
-4.376307992917400043e+03
-4.376179306867090418e+03
-4.376212515100020028e+03
-4.376397322738430375e+03
-4.376397322738430375e+03
-4.376397322738430375e+03
-4.376400683068380204e+03
-4.376682061789910222e+03
-4.376869039789999988e+03
-4.376869039789999988e+03
-4.376876105026680307e+03
-4.376876105026680307e+03
-4.376876105026680307e+03
-4.376822138468330195e+03
-4.376822138468330195e+03
-4.376822138468330195e+03
-4.376822138468330195e+03
-4.376822138468330195e+03
-4.376554915663189604e+03
-4.376554267633689960e+03
-4.376866039072339845e+03
-4.376866039072339845e+03
-4.376866039072339845e+03
-4.376788591600359723e+03
-4.376738635906530362e+03
-4.376769499353040374e+03
-4.376769499353040374e+03
-4.376769499353040374e+03
-4.376769499353040374e+03
-4.376769499353040374e+03
-4.376769499353040374e+03
-4.376769499353040374e+03
-4.376816139003430180e+03
-4.376921926149640058e+03
-4.377073323094669831e+03
-4.376998833428329817e+03
-4.376998833428329817e+03
-4.376998833428329817e+03
-4.377220261631149697e+03
-4.377039953426689863e+03
-4.376852375520959868e+03
-4.376852375520959868e+03
-4.376806406159370454e+03
-4.376806406159370454e+03
-4.376806406159370454e+03
-4.376909852660130127e+03
-4.376909852660130127e+03
-4.376909852660130127e+03
-4.377053355825560175e+03
-4.377053355825560175e+03
-4.377053355825560175e+03
-4.377053355825560175e+03
-4.377053355825560175e+03
-4.377095775441660408e+03
-4.377236573083229814e+03
-4.377236573083229814e+03
-4.377236573083229814e+03
-4.377236573083229814e+03
-4.377236573083229814e+03
-4.377236573083229814e+03
-4.377236573083229814e+03
-4.377326184365670088e+03
-4.377307373375820134e+03
-4.377307373375820134e+03
-4.377307373375820134e+03
-4.377396772612109999e+03
-4.377396772612109999e+03
-4.377389921715730452e+03
-4.377389921715730452e+03
-4.377389921715730452e+03
-4.377389921715730452e+03
-4.377389921715730452e+03
-4.377389921715730452e+03
-4.377389921715730452e+03
-4.377415951099999802e+03
-4.377415951099999802e+03
-4.377415951099999802e+03
-4.377400969589670240e+03
-4.377400969589670240e+03
-4.377400969589670240e+03
-4.377400969589670240e+03
-4.377374585156620014e+03
-4.377374585156620014e+03
-4.377379196801440230e+03
-4.377379196801440230e+03
-4.377379196801440230e+03
-4.377227879914369623e+03
-4.377227879914369623e+03
-4.377227879914369623e+03
-4.376980023912030447e+03
-4.376980023912030447e+03
-4.376980023912030447e+03
-4.376980023912030447e+03
-4.376980023912030447e+03
-4.376999964185690260e+03
-4.376999964185690260e+03
-4.376855261805650116e+03
-4.376855261805650116e+03
-4.376855261805650116e+03
-4.376855261805650116e+03
-4.376855261805650116e+03
-4.376837856740679854e+03
-4.376837856740679854e+03
-4.376837856740679854e+03
-4.376837856740679854e+03
-4.376837856740679854e+03
-4.376837856740679854e+03
-4.376899952110569757e+03
-4.376894469875160212e+03
-4.376894469875160212e+03
-4.376979019423310092e+03
-4.376979019423310092e+03
-4.376979019423310092e+03
-4.376979019423310092e+03
-4.377010121538420208e+03
-4.377010121538420208e+03
-4.377010121538420208e+03
-4.377064934168800391e+03
-4.377064934168800391e+03
-4.377064934168800391e+03
-4.377064934168800391e+03
-4.377064934168800391e+03
-4.377209480140340020e+03
-4.376998027040270244e+03
-4.376998027040270244e+03
-4.376998027040270244e+03
-4.376998027040270244e+03
-4.376998027040270244e+03
-4.376829977453970059e+03
-4.376829977453970059e+03
-4.376829977453970059e+03
-4.376829977453970059e+03
-4.376829977453970059e+03
-4.376829977453970059e+03
-4.376829977453970059e+03
-4.376829977453970059e+03
-4.376829977453970059e+03
-4.376902670985359691e+03
-4.376902670985359691e+03
-4.376820075479209663e+03
-4.377030861228079630e+03
-4.377030861228079630e+03
-4.377070447354720272e+03
-4.377070447354720272e+03
-4.377047610539510060e+03
-4.376910964300460364e+03
-4.376910964300460364e+03
-4.377031035590160172e+03
-4.377031035590160172e+03
-4.377031035590160172e+03
-4.377249810417680237e+03
-4.377249810417680237e+03
-4.377278179124939925e+03
-4.377244211481140155e+03
-4.377330030744399664e+03
-4.377330030744399664e+03
-4.377534792534599546e+03
-4.377534792534599546e+03
-4.377534792534599546e+03
-4.377534792534599546e+03
-4.377648248699370015e+03
-4.377718437686429752e+03
-4.377718437686429752e+03
-4.377746403973160341e+03
-4.377746403973160341e+03
-4.377746403973160341e+03
-4.378005546136580051e+03
-4.378005546136580051e+03
-4.378005546136580051e+03
-4.378215392021010302e+03
-4.378215392021010302e+03
-4.378470463895670036e+03
-4.378470463895670036e+03
-4.378470463895670036e+03
-4.378470463895670036e+03
-4.378470463895670036e+03
-4.378470463895670036e+03
-4.378397835103130092e+03
-4.378371589143819619e+03
-4.378371197830169876e+03
-4.378460361111719976e+03
-4.378460361111719976e+03
-4.378460361111719976e+03
-4.378460361111719976e+03
-4.378250844024250000e+03
-4.378158717507710207e+03
-4.378158717507710207e+03
-4.378215346214050442e+03
-4.378215346214050442e+03
-4.378215346214050442e+03
-4.378215346214050442e+03
-4.378200707922270340e+03
-4.378200707922270340e+03
-4.378200707922270340e+03
-4.378200707922270340e+03
-4.378200707922270340e+03
-4.378200707922270340e+03
-4.378200707922270340e+03
-4.378200707922270340e+03
-4.378200707922270340e+03
-4.378200707922270340e+03
-4.378200707922270340e+03
-4.378056265854669618e+03
-4.378056265854669618e+03
-4.378056265854669618e+03
-4.378056265854669618e+03
-4.378056265854669618e+03
-4.377864241508240411e+03
-4.377761250822820330e+03
-4.377983201647980422e+03
-4.377983201647980422e+03
-4.377994162275879717e+03
-4.377997168318420336e+03
-4.377939570661499602e+03
-4.377939570661499602e+03
-4.377939570661499602e+03
-4.377939570661499602e+03
-4.377939570661499602e+03
-4.377866027363459580e+03
-4.377598350488819960e+03
-4.377514378409849996e+03
-4.377574113636030233e+03
-4.377720967222029685e+03
-4.377706251282499579e+03
-4.377706251282499579e+03
-4.377706251282499579e+03
-4.377832930819129615e+03
-4.377837132024959828e+03
-4.378067671277550289e+03
-4.377842740471650359e+03
-4.377875007471179742e+03
-4.377875007471179742e+03
-4.377875007471179742e+03
-4.377928266004340003e+03
-4.377928266004340003e+03
-4.377928266004340003e+03
-4.377928266004340003e+03
-4.378030314991309751e+03
-4.378030314991309751e+03
-4.378030314991309751e+03
-4.378030314991309751e+03
-4.378030314991309751e+03
-4.378002689450559956e+03
-4.378002689450559956e+03
-4.377974299170529775e+03
-4.377974299170529775e+03
-4.377974299170529775e+03
-4.377936923151670271e+03
-4.377936923151670271e+03
-4.378014190416040037e+03
-4.378014190416040037e+03
-4.378014190416040037e+03
-4.378014190416040037e+03
-4.378079792587030170e+03
-4.378290506832579922e+03
-4.378290506832579922e+03
-4.378290506832579922e+03
-4.378357183019529657e+03
-4.378357183019529657e+03
-4.378357183019529657e+03
-4.378357183019529657e+03
-4.378357183019529657e+03
-4.378419018692789905e+03
-4.378419018692789905e+03
-4.378281975152080122e+03
-4.378329512508150401e+03
-4.378372829568400448e+03
-4.378372829568400448e+03
-4.378343271954269767e+03
-4.378092076674690361e+03
-4.378092076674690361e+03
-4.378092076674690361e+03
-4.378053733114279567e+03
-4.377965975934739618e+03
-4.377824228290110113e+03
-4.377678640900179744e+03
-4.377699566060599864e+03
-4.377382167401029619e+03
-4.377406199289220240e+03
-4.377406199289220240e+03
-4.377406199289220240e+03
-4.377406199289220240e+03
-4.377406199289220240e+03
-4.377406199289220240e+03
-4.377684961041780298e+03
-4.377684961041780298e+03
-4.377684961041780298e+03
-4.377701287412200145e+03
-4.377628225171920349e+03
-4.377628225171920349e+03
-4.377628225171920349e+03
-4.377543548564200137e+03
-4.377423139061330403e+03
-4.377423139061330403e+03
-4.377507785186209730e+03
-4.377365157497840300e+03
-4.377409278096950402e+03
-4.377513004541880036e+03
-4.377479535084449708e+03
-4.377479535084449708e+03
-4.377479535084449708e+03
-4.377479535084449708e+03
-4.377479535084449708e+03
-4.377479535084449708e+03
-4.377479535084449708e+03
-4.377580358167830127e+03
-4.377745102655910159e+03
-4.377745102655910159e+03
-4.377745102655910159e+03
-4.378078938861859569e+03
-4.378078938861859569e+03
-4.378078938861859569e+03
-4.378078938861859569e+03
-4.378024505202470209e+03
-4.378024505202470209e+03
-4.378024505202470209e+03
-4.378024505202470209e+03
-4.377929519351850104e+03
-4.377929519351850104e+03
-4.377929519351850104e+03
-4.377929519351850104e+03
-4.377929519351850104e+03
-4.377929519351850104e+03
-4.378041009836730154e+03
-4.378041009836730154e+03
-4.378041009836730154e+03
-4.378041009836730154e+03
-4.378194245849050276e+03
-4.378058863490849944e+03
-4.378133185249320377e+03
-4.378133185249320377e+03
-4.378133185249320377e+03
-4.378145176301460197e+03
-4.378145176301460197e+03
-4.378337594016130424e+03
-4.378214433931079839e+03
-4.378214433931079839e+03
-4.378214433931079839e+03
-4.378242084308500125e+03
-4.378242084308500125e+03
-4.378242084308500125e+03
-4.378242084308500125e+03
-4.378242084308500125e+03
-4.378242084308500125e+03
-4.378242084308500125e+03
-4.378242084308500125e+03
-4.378251722797480397e+03
-4.378251722797480397e+03
-4.378251722797480397e+03
-4.378251722797480397e+03
-4.378251722797480397e+03
-4.378251722797480397e+03
-4.378058537372159662e+03
-4.378058537372159662e+03
-4.378058537372159662e+03
-4.377914669962249718e+03
-4.377764901909319633e+03
-4.377764901909319633e+03
-4.377505646233569678e+03
-4.377505646233569678e+03
-4.377331708826200156e+03
-4.377331708826200156e+03
-4.377331708826200156e+03
-4.377331708826200156e+03
-4.377331708826200156e+03
-4.377220310949450322e+03
-4.377220310949450322e+03
-4.377220513897459568e+03
-4.377220513897459568e+03
-4.377220513897459568e+03
-4.377331446840110402e+03
-4.377331446840110402e+03
-4.377331446840110402e+03
-4.377324890953330396e+03
-4.377324890953330396e+03
-4.377324890953330396e+03
-4.377324890953330396e+03
-4.377421233539699642e+03
-4.377421233539699642e+03
-4.377421233539699642e+03
-4.377421233539699642e+03
-4.377421233539699642e+03
-4.377411789461330045e+03
-4.377411789461330045e+03
-4.377411789461330045e+03
-4.377411789461330045e+03
-4.377411789461330045e+03
-4.377411789461330045e+03
-4.377411789461330045e+03
-4.377185997932419923e+03
-4.377196135317910375e+03
-4.377164199549690238e+03
-4.377164199549690238e+03
-4.377164199549690238e+03
-4.377164199549690238e+03
-4.377164199549690238e+03
-4.377203352377129704e+03
-4.377203352377129704e+03
-4.377190310337699884e+03
-4.377190310337699884e+03
-4.377190310337699884e+03
-4.377190310337699884e+03
-4.377105582719679660e+03
-4.377117177136439750e+03
-4.377117177136439750e+03
-4.377214466371409799e+03
-4.377267777169449801e+03
-4.377257205397560028e+03
-4.377257205397560028e+03
-4.377421532331970411e+03
-4.377463882750240373e+03
-4.377463882750240373e+03
-4.377372984479749903e+03
-4.377532803687950036e+03
-4.377532803687950036e+03
-4.377532803687950036e+03
-4.377728575471010117e+03
-4.377612945670200133e+03
-4.377612945670200133e+03
-4.377613858183200136e+03
-4.377613858183200136e+03
-4.377627710539750296e+03
-4.377582533328860336e+03
-4.377613914461119748e+03
-4.377613914461119748e+03
-4.377613914461119748e+03
-4.377525890328060086e+03
-4.377525890328060086e+03
-4.377525890328060086e+03
-4.377525890328060086e+03
-4.377525890328060086e+03
-4.377525890328060086e+03
-4.377543521611860342e+03
-4.377438059937860089e+03
-4.377470591604500441e+03
-4.377470591604500441e+03
-4.377479028690239829e+03
-4.377479028690239829e+03
-4.377493829209000069e+03
-4.377492655372189802e+03
-4.377492655372189802e+03
-4.377530390456549867e+03
-4.377346372976930070e+03
-4.377410306078149915e+03
-4.377410306078149915e+03
-4.377445315702039807e+03
-4.377460151522380329e+03
-4.377460151522380329e+03
-4.377397334531349770e+03
-4.377397334531349770e+03
-4.377397334531349770e+03
-4.377397334531349770e+03
-4.377397334531349770e+03
-4.377397334531349770e+03
-4.377397334531349770e+03
-4.377397334531349770e+03
-4.377373396845759999e+03
-4.377357621513099730e+03
-4.377444860133659859e+03
-4.377444860133659859e+03
-4.377444860133659859e+03
-4.377444860133659859e+03
-4.377444860133659859e+03
-4.377442702859029851e+03
-4.377534820994150323e+03
-4.377534820994150323e+03
-4.377523089695700037e+03
-4.377408364776810231e+03
-4.377325595557380439e+03
-4.377317009593380135e+03
-4.377524460881279992e+03
-4.377524460881279992e+03
-4.377632750657950055e+03
-4.377632750657950055e+03
-4.377642967276819945e+03
-4.377628295757989690e+03
-4.377628295757989690e+03
-4.377674317758510369e+03
-4.377674317758510369e+03
-4.377748168287100270e+03
-4.377849367491229714e+03
-4.377849367491229714e+03
-4.377867906104060239e+03
-4.378059801674519804e+03
-4.378059801674519804e+03
-4.378133899817639758e+03
-4.378133899817639758e+03
-4.378133899817639758e+03
-4.378133899817639758e+03
-4.378133899817639758e+03
-4.378228249170219897e+03
-4.378247236352360233e+03
-4.378359547461969669e+03
-4.378359547461969669e+03
-4.378359547461969669e+03
-4.378359547461969669e+03
-4.378359547461969669e+03
-4.378359547461969669e+03
-4.378359547461969669e+03
-4.378359547461969669e+03
-4.378359547461969669e+03
-4.378289367291759845e+03
-4.378289367291759845e+03
-4.378289367291759845e+03
-4.378289367291759845e+03
-4.378246425291729793e+03
-4.378313120908270321e+03
-4.378207208785610419e+03
-4.378207208785610419e+03
-4.378207208785610419e+03
-4.378186066429309903e+03
-4.378186066429309903e+03
-4.378186066429309903e+03
-4.378186066429309903e+03
-4.378119732362099967e+03
-4.377908491575310109e+03
-4.377948397241039856e+03
-4.377948397241039856e+03
-4.377948397241039856e+03
-4.377948397241039856e+03
-4.377948397241039856e+03
-4.378155637617340290e+03
-4.378155637617340290e+03
-4.378180194456989739e+03
-4.378180194456989739e+03
-4.378275581750819583e+03
-4.378275581750819583e+03
-4.378275581750819583e+03
-4.378296533363150047e+03
-4.378296533363150047e+03
-4.378296533363150047e+03
-4.378296533363150047e+03
-4.378296533363150047e+03
-4.378296533363150047e+03
-4.378296533363150047e+03
-4.378251015737960188e+03
-4.378251015737960188e+03
-4.378251015737960188e+03
-4.378251015737960188e+03
-4.378251015737960188e+03
-4.378296663425459883e+03
-4.378296663425459883e+03
-4.378296663425459883e+03
-4.378296663425459883e+03
-4.378264781921189751e+03
-4.378264781921189751e+03
-4.378361074893839941e+03
-4.378361074893839941e+03
-4.378361074893839941e+03
-4.378361074893839941e+03
-4.378361074893839941e+03
-4.378361074893839941e+03
-4.378342546895790292e+03
-4.378212067957800173e+03
-4.378283011641980011e+03
-4.378283011641980011e+03
-4.378283011641980011e+03
-4.378283011641980011e+03
-4.378112157760219816e+03
-4.378112157760219816e+03
-4.378131334444179629e+03
-4.378157107279759657e+03
-4.378157107279759657e+03
-4.378157107279759657e+03
-4.378157107279759657e+03
-4.378157107279759657e+03
-4.378157107279759657e+03
-4.378097194369620411e+03
-4.378097194369620411e+03
-4.378097194369620411e+03
-4.378097194369620411e+03
-4.378097194369620411e+03
-4.377911775483589736e+03
-4.377911775483589736e+03
-4.377911775483589736e+03
-4.377911775483589736e+03
-4.377851135268700091e+03
-4.377862767209539925e+03
-4.377931400859500172e+03
-4.377931400859500172e+03
-4.378089990041239616e+03
-4.378089990041239616e+03
-4.378089990041239616e+03
-4.378089990041239616e+03
-4.378019571774169890e+03
-4.378073713223549930e+03
-4.378122964926279565e+03
-4.378122964926279565e+03
-4.378122964926279565e+03
-4.378122964926279565e+03
-4.378219304794210075e+03
-4.378196164346119986e+03
-4.378196164346119986e+03
-4.378165206821349784e+03
-4.378222203440260273e+03
-4.378222203440260273e+03
-4.378210244095509552e+03
-4.378210244095509552e+03
-4.378210244095509552e+03
-4.378210244095509552e+03
-4.378071628397559834e+03
-4.378071628397559834e+03
-4.377930698316279631e+03
-4.377913778451569669e+03
-4.377969480074640160e+03
-4.378036761412189662e+03
-4.378036761412189662e+03
-4.378036761412189662e+03
-4.378036761412189662e+03
-4.378036761412189662e+03
-4.378036761412189662e+03
-4.378036761412189662e+03
-4.378197975431549821e+03
-4.378180430197059650e+03
-4.378034669165999730e+03
-4.378034669165999730e+03
-4.378034669165999730e+03
-4.377951511840010426e+03
-4.377951511840010426e+03
-4.377951511840010426e+03
-4.378091156094150392e+03
-4.378104080465759580e+03
-4.378131277341750319e+03
-4.378125067462329753e+03
-4.378205258496180249e+03
-4.378096032269289935e+03
-4.378164022367510370e+03
-4.378164022367510370e+03
-4.378164022367510370e+03
-4.378164022367510370e+03
-4.378087144064939821e+03
-4.378087144064939821e+03
-4.377945139311310413e+03
-4.377945139311310413e+03
-4.377928277092380085e+03
-4.377928277092380085e+03
-4.377928277092380085e+03
-4.377870217744760339e+03
-4.377870217744760339e+03
-4.378013837210930433e+03
-4.378013837210930433e+03
-4.378013837210930433e+03
-4.378013837210930433e+03
-4.377968311950589850e+03
-4.377997533896909772e+03
-4.377997533896909772e+03
-4.377857594070559571e+03
-4.377861996569589792e+03
-4.377861996569589792e+03
-4.377861996569589792e+03
-4.377861996569589792e+03
-4.377861996569589792e+03
-4.377861996569589792e+03
-4.377861996569589792e+03
-4.377861996569589792e+03
-4.377857461610749851e+03
-4.377998345230939776e+03
-4.377998345230939776e+03
-4.377998345230939776e+03
-4.377998345230939776e+03
-4.377998345230939776e+03
-4.377682810433119812e+03
-4.377682810433119812e+03
-4.377682810433119812e+03
-4.377847870905469790e+03
-4.377847870905469790e+03
-4.377847870905469790e+03
-4.377847870905469790e+03
-4.377729727044389620e+03
-4.377731898976139746e+03
-4.377745059031230085e+03
-4.377805022356010340e+03
-4.377805022356010340e+03
-4.377708296550799787e+03
-4.377708296550799787e+03
-4.377708296550799787e+03
-4.377708296550799787e+03
-4.377708296550799787e+03
-4.377745650054619546e+03
-4.377621145744679779e+03
-4.377621145744679779e+03
-4.377621145744679779e+03
-4.377621145744679779e+03
-4.377621145744679779e+03
-4.377649379793580010e+03
-4.377649379793580010e+03
-4.377649379793580010e+03
-4.377649379793580010e+03
-4.377577646564360293e+03
-4.377577646564360293e+03
-4.377590030717139598e+03
-4.377590030717139598e+03
-4.377473704887859640e+03
-4.377473704887859640e+03
-4.377473704887859640e+03
-4.377615335160789982e+03
-4.377615335160789982e+03
-4.377466104824449758e+03
-4.377353570079019846e+03
-4.377353570079019846e+03
-4.377353570079019846e+03
-4.377435477865789835e+03
-4.377435477865789835e+03
-4.377575690883640164e+03
-4.377575690883640164e+03
-4.377575690883640164e+03
-4.377575690883640164e+03
-4.377686241741460435e+03
-4.377686241741460435e+03
-4.377686241741460435e+03
-4.377686241741460435e+03
-4.377686241741460435e+03
-4.377686241741460435e+03
-4.378188932226419638e+03
-4.378188932226419638e+03
-4.378338533750849820e+03
-4.378338533750849820e+03
-4.378338533750849820e+03
-4.378338533750849820e+03
-4.378338533750849820e+03
-4.378338533750849820e+03
-4.378338533750849820e+03
-4.378273488456849918e+03
-4.378273488456849918e+03
-4.378250500538720189e+03
-4.378250500538720189e+03
-4.378250500538720189e+03
-4.378284830857270208e+03
-4.378284830857270208e+03
-4.378284830857270208e+03
-4.378158107791599832e+03
-4.378158107791599832e+03
-4.378158107791599832e+03
-4.378158107791599832e+03
-4.378158107791599832e+03
-4.378066241598499801e+03
-4.378066241598499801e+03
-4.378108225062530437e+03
-4.378288909060670449e+03
-4.378159231711620123e+03
-4.378121743853370390e+03
-4.378121743853370390e+03
-4.378070515300390070e+03
-4.378070515300390070e+03
-4.377981173761790160e+03
-4.377981173761790160e+03
-4.377917605249759617e+03
-4.377917605249759617e+03
-4.377869031948150223e+03
-4.377869031948150223e+03
-4.377976051201850169e+03
-4.377911812718160036e+03
-4.377924707847399986e+03
-4.377924707847399986e+03
-4.377924707847399986e+03
-4.377924707847399986e+03
-4.377924707847399986e+03
-4.377735950116740241e+03
-4.377735950116740241e+03
-4.377962314885189699e+03
-4.378010309775049791e+03
-4.378010309775049791e+03
-4.377999403570260256e+03
-4.377999403570260256e+03
-4.377999403570260256e+03
-4.377999403570260256e+03
-4.378063687586770357e+03
-4.378135974371310112e+03
-4.378135974371310112e+03
-4.378135974371310112e+03
-4.378290704490200369e+03
-4.378290704490200369e+03
-4.378365432556829546e+03
-4.378353926878089624e+03
-4.378507900953390163e+03
-4.378389921032829989e+03
-4.378406122947079893e+03
-4.378271811427100147e+03
-4.378181129295569917e+03
-4.378181129295569917e+03
-4.378380744913680246e+03
-4.378422517876650090e+03
-4.378420832158480152e+03
-4.378558578999290148e+03
-4.378558578999290148e+03
-4.378558578999290148e+03
-4.378558477125659920e+03
-4.378558477125659920e+03
-4.378547162640180431e+03
-4.378547162640180431e+03
-4.378547162640180431e+03
-4.378547162640180431e+03
-4.378592707093829631e+03
-4.378592707093829631e+03
-4.378592707093829631e+03
-4.378901898542490017e+03
-4.378710771808659956e+03
-4.378710771808659956e+03
-4.378710771808659956e+03
-4.378710771808659956e+03
-4.378710771808659956e+03
-4.378710771808659956e+03
-4.378710771808659956e+03
-4.378710771808659956e+03
-4.378715758184919650e+03
-4.378715758184919650e+03
-4.378572230219940138e+03
-4.378418665466349921e+03
-4.378391119682320095e+03
-4.378416555787710422e+03
-4.378452754575880135e+03
-4.378452754575880135e+03
-4.378452754575880135e+03
-4.378452754575880135e+03
-4.378452754575880135e+03
-4.378452754575880135e+03
-4.378463211138639963e+03
-4.378578418774979582e+03
-4.378492626730209849e+03
-4.378636294457300210e+03
-4.378636294457300210e+03
-4.378636294457300210e+03
-4.378636294457300210e+03
-4.378636294457300210e+03
-4.378604641379270106e+03
-4.378543651990509716e+03
-4.378543651990509716e+03
-4.378543651990509716e+03
-4.378570721421990129e+03
-4.378570721421990129e+03
-4.378570721421990129e+03
-4.378466718976010270e+03
-4.378466718976010270e+03
-4.378372437471530247e+03
-4.378372437471530247e+03
-4.378372437471530247e+03
-4.378372437471530247e+03
-4.378275492759659755e+03
-4.378275492759659755e+03
-4.378275492759659755e+03
-4.378275492759659755e+03
-4.378275492759659755e+03
-4.378275492759659755e+03
-4.378373908640929585e+03
-4.378617852156609842e+03
-4.378617852156609842e+03
-4.378434329083400371e+03
-4.378434329083400371e+03
-4.378457158417019855e+03
-4.378446236558959754e+03
-4.378446236558959754e+03
-4.378446236558959754e+03
-4.378337881697089870e+03
-4.378337881697089870e+03
-4.378337881697089870e+03
-4.378344105744739863e+03
-4.378359439422750256e+03
-4.378434625700630022e+03
-4.378592569353349973e+03
-4.378592569353349973e+03
-4.378230236708060147e+03
-4.378230236708060147e+03
-4.378230236708060147e+03
-4.378219697237340370e+03
-4.378219697237340370e+03
-4.378219697237340370e+03
-4.378219697237340370e+03
-4.378311626619470189e+03
-4.378388656576799804e+03
-4.378388656576799804e+03
-4.378388656576799804e+03
-4.378388656576799804e+03
-4.378388656576799804e+03
-4.378388656576799804e+03
-4.378473718973759787e+03
-4.378473718973759787e+03
-4.378473718973759787e+03
-4.378473718973759787e+03
-4.378546056097509791e+03
-4.378601538173100380e+03
-4.378598083748130193e+03
-4.378598083748130193e+03
-4.378598083748130193e+03
-4.378598083748130193e+03
-4.378598083748130193e+03
-4.378463979188440135e+03
-4.378463979188440135e+03
-4.378463979188440135e+03
-4.378463979188440135e+03
-4.378463979188440135e+03
-4.378463979188440135e+03
-4.378463979188440135e+03
-4.378463979188440135e+03
-4.378463979188440135e+03
-4.378463979188440135e+03
-4.378445854912079994e+03
-4.378423051509559627e+03
-4.378487854678380245e+03
-4.378487854678380245e+03
-4.378635051688010208e+03
-4.378635051688010208e+03
-4.378788420757729909e+03
-4.378788420757729909e+03
-4.378788420757729909e+03
-4.378788420757729909e+03
-4.378801961781529826e+03
-4.378801961781529826e+03
-4.378801961781529826e+03
-4.378838199571840050e+03
-4.378944597028769749e+03
-4.378944597028769749e+03
-4.378999305121949874e+03
-4.378999305121949874e+03
-4.378999305121949874e+03
-4.378944017527350297e+03
-4.378950167706229877e+03
-4.378895301237689637e+03
-4.378895301237689637e+03
-4.378657066763439616e+03
-4.378657066763439616e+03
-4.378657066763439616e+03
-4.378657066763439616e+03
-4.378657066763439616e+03
-4.378657066763439616e+03
-4.378657066763439616e+03
-4.378657066763439616e+03
-4.378657066763439616e+03
-4.378556121521710338e+03
-4.378596290604419664e+03
-4.378596290604419664e+03
-4.378596290604419664e+03
-4.378596290604419664e+03
-4.378419586823470127e+03
-4.378419586823470127e+03
-4.378432631074740129e+03
-4.378432631074740129e+03
-4.378400526320459903e+03
-4.378400526320459903e+03
-4.378400526320459903e+03
-4.378400526320459903e+03
-4.378400526320459903e+03
-4.378382989960039595e+03
-4.378409268185930159e+03
-4.378381473630360233e+03
-4.378206273785909616e+03
-4.378164438978999897e+03
-4.378104040304699993e+03
-4.378104040304699993e+03
-4.378104040304699993e+03
-4.378104040304699993e+03
-4.378196221281619728e+03
-4.378239041956509936e+03
-4.378239041956509936e+03
-4.378239041956509936e+03
-4.378239041956509936e+03
-4.378239041956509936e+03
-4.378361232726910202e+03
-4.378644116707439935e+03
-4.378600640004589877e+03
-4.378600640004589877e+03
-4.378600640004589877e+03
-4.378600640004589877e+03
-4.378600640004589877e+03
-4.378600640004589877e+03
-4.378600640004589877e+03
-4.378465120491970083e+03
-4.378580768039029863e+03
-4.378543095908399664e+03
-4.378543095908399664e+03
-4.378543095908399664e+03
-4.378827313593739746e+03
-4.378775749685790288e+03
-4.378775749685790288e+03
-4.378910527971330339e+03
-4.378876394834540406e+03
-4.378910456265680295e+03
-4.378910456265680295e+03
-4.378910456265680295e+03
-4.378910456265680295e+03
-4.378731062537520302e+03
-4.378731062537520302e+03
-4.378731062537520302e+03
-4.379102184749250227e+03
-4.379138506765870261e+03
-4.379138506765870261e+03
-4.379138506765870261e+03
-4.379138506765870261e+03
-4.379138506765870261e+03
-4.379138506765870261e+03
-4.379150743980319930e+03
-4.379150743980319930e+03
-4.379150743980319930e+03
-4.379190213709160162e+03
-4.379190213709160162e+03
-4.378941987998199693e+03
-4.378941987998199693e+03
-4.378941987998199693e+03
-4.378941987998199693e+03
-4.378941987998199693e+03
-4.378941987998199693e+03
-4.378941987998199693e+03
-4.379114443034969554e+03
-4.379114443034969554e+03
-4.379114443034969554e+03
-4.379114443034969554e+03
-4.379114443034969554e+03
-4.379155181059370079e+03
-4.379155181059370079e+03
-4.379155181059370079e+03
-4.379155181059370079e+03
-4.379174257153040344e+03
-4.379174257153040344e+03
-4.379174257153040344e+03
-4.379174257153040344e+03
-4.379174257153040344e+03
-4.379174257153040344e+03
-4.379174257153040344e+03
-4.379174257153040344e+03
-4.379174257153040344e+03
-4.379121294325929739e+03
-4.379121294325929739e+03
-4.379121294325929739e+03
-4.378992891955729647e+03
-4.378992891955729647e+03
-4.378992891955729647e+03
-4.378992891955729647e+03
-4.378992891955729647e+03
-4.379019433671290244e+03
-4.379019433671290244e+03
-4.379162152042220441e+03
-4.379162152042220441e+03
-4.379162152042220441e+03
-4.379276976905310221e+03
-4.379276976905310221e+03
-4.379276976905310221e+03
-4.379276976905310221e+03
-4.379276976905310221e+03
-4.379225341567669602e+03
-4.379225341567669602e+03
-4.379225341567669602e+03
-4.379166078405850385e+03
-4.378999589670550449e+03
-4.378999589670550449e+03
-4.378999589670550449e+03
-4.378999589670550449e+03
-4.378999589670550449e+03
-4.378863915366950096e+03
-4.378863915366950096e+03
-4.378863915366950096e+03
-4.378816186568519697e+03
-4.378816186568519697e+03
-4.378844276070590240e+03
-4.378823754125690357e+03
-4.378823754125690357e+03
-4.378823754125690357e+03
-4.378608516263209822e+03
-4.378608516263209822e+03
-4.378800196237400087e+03
-4.378800196237400087e+03
-4.378750700399889865e+03
-4.378750700399889865e+03
-4.378784468974979973e+03
-4.378784468974979973e+03
-4.378784468974979973e+03
-4.378757067829759762e+03
-4.378775746737410373e+03
-4.378783125647350062e+03
-4.378783125647350062e+03
-4.378783125647350062e+03
-4.378783125647350062e+03
-4.378726126802729596e+03
-4.378726126802729596e+03
-4.378726126802729596e+03
-4.378726126802729596e+03
-4.378726126802729596e+03
-4.378562712050250411e+03
-4.378723219153600439e+03
-4.378723219153600439e+03
-4.378723219153600439e+03
-4.378723219153600439e+03
-4.378832061816139685e+03
-4.378832061816139685e+03
-4.378832061816139685e+03
-4.378832061816139685e+03
-4.378832061816139685e+03
-4.378832061816139685e+03
-4.378738112372309843e+03
-4.378738112372309843e+03
-4.378738112372309843e+03
-4.378738112372309843e+03
-4.378472214153829555e+03
-4.378583039694770378e+03
-4.378524461067419907e+03
-4.378524461067419907e+03
-4.378524461067419907e+03
-4.378524461067419907e+03
-4.378489394863239795e+03
-4.378489394863239795e+03
-4.378501028569369737e+03
-4.378491776157599816e+03
-4.378491776157599816e+03
-4.378491776157599816e+03
-4.378491776157599816e+03
-4.378549228944009883e+03
-4.378523789003180354e+03
-4.378523789003180354e+03
-4.378523789003180354e+03
-4.378523789003180354e+03
-4.378581408396199549e+03
-4.378581408396199549e+03
-4.378581408396199549e+03
-4.378581408396199549e+03
-4.378581408396199549e+03
-4.378581408396199549e+03
-4.378581408396199549e+03
-4.378581408396199549e+03
-4.378672117063199948e+03
-4.378672117063199948e+03
-4.378659285121620087e+03
-4.378676780120499643e+03
-4.378676780120499643e+03
-4.378676780120499643e+03
-4.378676780120499643e+03
-4.378676780120499643e+03
-4.378795238648700433e+03
-4.378795238648700433e+03
-4.378795238648700433e+03
-4.378795238648700433e+03
-4.378827190111280288e+03
-4.378827190111280288e+03
-4.378827190111280288e+03
-4.378827190111280288e+03
-4.378827190111280288e+03
-4.378827190111280288e+03
-4.378827190111280288e+03
-4.378827190111280288e+03
-4.378827190111280288e+03
-4.378827190111280288e+03
-4.378827190111280288e+03
-4.378827190111280288e+03
-4.378827190111280288e+03
-4.378975994417250149e+03
-4.378975994417250149e+03
-4.378975994417250149e+03
-4.378861041208549977e+03
-4.379033476908510238e+03
-4.379144239867179749e+03
-4.379144239867179749e+03
-4.379136255450320277e+03
-4.379116587785790216e+03
-4.378973165824950229e+03
-4.378973165824950229e+03
-4.379128098893050264e+03
-4.379128098893050264e+03
-4.379128098893050264e+03
-4.379128098893050264e+03
-4.379128098893050264e+03
-4.379128098893050264e+03
-4.379303534458929789e+03
-4.379303534458929789e+03
-4.379293306436219609e+03
-4.379180028770009812e+03
-4.379194982164530302e+03
-4.379122248983579993e+03
-4.379122248983579993e+03
-4.379122248983579993e+03
-4.379122248983579993e+03
-4.379122248983579993e+03
-4.379122248983579993e+03
-4.379122248983579993e+03
-4.379122248983579993e+03
-4.379122248983579993e+03
-4.378937809678730446e+03
-4.378937809678730446e+03
-4.378674401055839553e+03
-4.378641950798800281e+03
-4.378641950798800281e+03
-4.378641950798800281e+03
-4.378641950798800281e+03
-4.378697552406049908e+03
-4.378745171392570228e+03
-4.378745171392570228e+03
-4.378745171392570228e+03
-4.378745171392570228e+03
-4.378745171392570228e+03
-4.378794312591820017e+03
-4.378619022682650211e+03
-4.378602679620889830e+03
-4.378638847465749677e+03
-4.378638847465749677e+03
-4.378638847465749677e+03
-4.378638847465749677e+03
-4.378638847465749677e+03
-4.378661262761400394e+03
-4.378661262761400394e+03
-4.378661262761400394e+03
-4.378661262761400394e+03
-4.378661262761400394e+03
-4.378501748906760440e+03
-4.378501748906760440e+03
-4.378501748906760440e+03
-4.378501748906760440e+03
-4.378514007053159730e+03
-4.378514007053159730e+03
-4.378508075496039964e+03
-4.378508075496039964e+03
-4.378508075496039964e+03
-4.378610277037780179e+03
-4.378642714339220220e+03
-4.378642714339220220e+03
-4.378642714339220220e+03
-4.378478066201680122e+03
-4.378478066201680122e+03
-4.378478066201680122e+03
-4.378494486763979694e+03
-4.378494486763979694e+03
-4.378490950704460374e+03
-4.378490950704460374e+03
-4.378490950704460374e+03
-4.378572272031109605e+03
-4.378572272031109605e+03
-4.378572272031109605e+03
-4.378572272031109605e+03
-4.378572272031109605e+03
-4.378572272031109605e+03
-4.378572272031109605e+03
-4.378572272031109605e+03
-4.378611581180750363e+03
-4.378611581180750363e+03
-4.378611581180750363e+03
-4.378468236055029593e+03
-4.378266641958700347e+03
-4.378176220558990281e+03
-4.378094315617980101e+03
-4.378182065058659646e+03
-4.378491003356220062e+03
-4.378491003356220062e+03
-4.378620770032210203e+03
-4.378620770032210203e+03
-4.378620770032210203e+03
-4.378620770032210203e+03
-4.378620770032210203e+03
-4.378865481638969868e+03
-4.378865481638969868e+03
-4.378832954714779589e+03
-4.378832954714779589e+03
-4.378832954714779589e+03
-4.379011546143249689e+03
-4.379161330021330286e+03
-4.379124217522309664e+03
-4.379124217522309664e+03
-4.379124217522309664e+03
-4.379124217522309664e+03
-4.379069382574080009e+03
-4.379042434961430445e+03
-4.379042434961430445e+03
-4.378772564465039977e+03
-4.378940827065730446e+03
-4.379015669220520067e+03
-4.379015669220520067e+03
-4.379015669220520067e+03
-4.379015669220520067e+03
-4.379051383856680332e+03
-4.379051383856680332e+03
-4.378977945691110108e+03
-4.379201362588440134e+03
-4.379258662416759762e+03
-4.379243697481089839e+03
-4.379278960334059775e+03
-4.379392133458410171e+03
-4.379392133458410171e+03
-4.379418869930779692e+03
-4.379418869930779692e+03
-4.379418869930779692e+03
-4.379202077711949642e+03
-4.379202077711949642e+03
-4.379095972543899734e+03
-4.379036914173429977e+03
-4.379036914173429977e+03
-4.379080043201060107e+03
-4.378947474142119972e+03
-4.378947474142119972e+03
-4.378947474142119972e+03
-4.378972362410209826e+03
-4.378938011824449859e+03
-4.378938011824449859e+03
-4.378938011824449859e+03
-4.378759429554270355e+03
-4.378621726631369711e+03
-4.378574296039840192e+03
-4.378574296039840192e+03
-4.378574296039840192e+03
-4.378574296039840192e+03
-4.378590243136910431e+03
-4.378590243136910431e+03
-4.378590243136910431e+03
-4.378590243136910431e+03
-4.378621059148899803e+03
-4.378621059148899803e+03
-4.378621059148899803e+03
-4.378621059148899803e+03
-4.378850252942230327e+03
-4.378955928737240356e+03
-4.378955928737240356e+03
-4.378955928737240356e+03
-4.378955928737240356e+03
-4.378955928737240356e+03
-4.378928986835199794e+03
-4.378928986835199794e+03
-4.378928986835199794e+03
-4.378928986835199794e+03
-4.378928986835199794e+03
-4.378928986835199794e+03
-4.378928986835199794e+03
-4.378928986835199794e+03
-4.379032139250630280e+03
-4.379114150615559993e+03
-4.379114150615559993e+03
-4.378999636621269929e+03
-4.379077649149920035e+03
-4.379058550553850182e+03
-4.379058550553850182e+03
-4.379058550553850182e+03
-4.378988568653009679e+03
-4.378988568653009679e+03
-4.378988568653009679e+03
-4.378916078922869929e+03
-4.378908498338229947e+03
-4.378908498338229947e+03
-4.378941695050109956e+03
-4.379093057633630451e+03
-4.379093057633630451e+03
-4.379078220837720437e+03
-4.379073726009420170e+03
-4.379073726009420170e+03
-4.379073726009420170e+03
-4.379073726009420170e+03
-4.379073726009420170e+03
-4.379095688084180438e+03
-4.379104643781350205e+03
-4.379104643781350205e+03
-4.379104643781350205e+03
-4.379080697868849711e+03
-4.379080697868849711e+03
-4.379080697868849711e+03
-4.378945696606149795e+03
-4.378945696606149795e+03
-4.378945696606149795e+03
-4.378773714825910247e+03
-4.378756415218669645e+03
-4.378756415218669645e+03
-4.378756415218669645e+03
-4.378549572784670090e+03
-4.378549572784670090e+03
-4.378549572784670090e+03
-4.378549572784670090e+03
-4.378549572784670090e+03
-4.378549572784670090e+03
-4.378549572784670090e+03
-4.378250300974699712e+03
-4.378250300974699712e+03
-4.378250300974699712e+03
-4.378250300974699712e+03
-4.378055858544240436e+03
-4.378062952575520285e+03
-4.378062952575520285e+03
-4.378062952575520285e+03
-4.377931314140610084e+03
-4.377931314140610084e+03
-4.377837272956980087e+03
-4.377645116636230341e+03
-4.377828703929189942e+03
-4.377787872500570302e+03
-4.377787872500570302e+03
-4.377787872500570302e+03
-4.377787872500570302e+03
-4.377787872500570302e+03
-4.377798739607499556e+03
-4.377857048086580107e+03
-4.377857048086580107e+03
-4.377656084901480426e+03
-4.377656084901480426e+03
-4.377656084901480426e+03
-4.377656084901480426e+03
-4.377656084901480426e+03
-4.377656084901480426e+03
-4.377623599927510440e+03
-4.377623599927510440e+03
-4.377623599927510440e+03
-4.377623599927510440e+03
-4.377623599927510440e+03
-4.377658663950130176e+03
-4.377659158765390202e+03
-4.377659158765390202e+03
-4.377659158765390202e+03
-4.377651006260290160e+03
-4.377805398394410076e+03
-4.377805398394410076e+03
-4.377805398394410076e+03
-4.377915733219029789e+03
-4.377962345385700246e+03
-4.377934339274160266e+03
-4.377722814481309797e+03
-4.377962127480979689e+03
-4.377974152094269812e+03
-4.378196854489009638e+03
-4.378196854489009638e+03
-4.378196854489009638e+03
-4.378227240949099723e+03
-4.378215397019629563e+03
-4.378215397019629563e+03
-4.378215397019629563e+03
-4.378215397019629563e+03
-4.378265479247459552e+03
-4.378265479247459552e+03
-4.378265479247459552e+03
-4.378265479247459552e+03
-4.378265479247459552e+03
-4.378230465018579707e+03
-4.378230465018579707e+03
-4.378251598503060450e+03
-4.378085778990660401e+03
-4.378085778990660401e+03
-4.378093277649199990e+03
-4.378093277649199990e+03
-4.378106050185940148e+03
-4.378106050185940148e+03
-4.378106050185940148e+03
-4.378177593018500374e+03
-4.378177593018500374e+03
-4.378177593018500374e+03
-4.378177593018500374e+03
-4.378177593018500374e+03
-4.378177593018500374e+03
-4.378177593018500374e+03
-4.378177593018500374e+03
-4.378141459637909975e+03
-4.378037100554740391e+03
-4.377940379374130316e+03
-4.377940379374130316e+03
-4.377985938555940265e+03
-4.378357010863060168e+03
-4.378232030145120007e+03
-4.378232030145120007e+03
-4.378232030145120007e+03
-4.378261534700210177e+03
-4.378353247832609668e+03
-4.378353247832609668e+03
-4.378314690785129642e+03
-4.378117709941109752e+03
-4.378157247917460154e+03
-4.378157247917460154e+03
-4.378151993733899872e+03
-4.378151993733899872e+03
-4.378151993733899872e+03
-4.378024394093619776e+03
-4.378137441603799743e+03
-4.377905484607050312e+03
-4.377905484607050312e+03
-4.377905484607050312e+03
-4.377905484607050312e+03
-4.377949724138279635e+03
-4.377910437791620097e+03
-4.377910437791620097e+03
-4.377910437791620097e+03
-4.377801403039909928e+03
-4.377725284033919706e+03
-4.377725284033919706e+03
-4.377725284033919706e+03
-4.377725284033919706e+03
-4.377725284033919706e+03
-4.377572900378850136e+03
-4.377585588592900422e+03
-4.377677572293299818e+03
-4.377677572293299818e+03
-4.377681703732610003e+03
-4.377681703732610003e+03
-4.377681703732610003e+03
-4.377812804745060021e+03
-4.377812804745060021e+03
-4.377812804745060021e+03
-4.377812804745060021e+03
-4.377812804745060021e+03
-4.377968371760730406e+03
-4.377968371760730406e+03
-4.377968371760730406e+03
-4.378023907122439596e+03
-4.378023907122439596e+03
-4.378023907122439596e+03
-4.378023907122439596e+03
-4.377891705909530174e+03
-4.377839457468769979e+03
-4.377839457468769979e+03
-4.377665455728830239e+03
-4.377608769926339846e+03
-4.377608769926339846e+03
-4.377562025831590290e+03
-4.377562025831590290e+03
-4.377562025831590290e+03
-4.377562025831590290e+03
-4.377562025831590290e+03
-4.377562025831590290e+03
-4.377562025831590290e+03
-4.377562025831590290e+03
-4.377553506196770286e+03
-4.377687380582799960e+03
-4.377687380582799960e+03
-4.377699064242559871e+03
-4.377823675429420291e+03
-4.377823675429420291e+03
-4.377823675429420291e+03
-4.377770407842979694e+03
-4.377711477967170140e+03
-4.377960268478520447e+03
-4.377999332782789679e+03
-4.377999332782789679e+03
-4.377999332782789679e+03
-4.377999332782789679e+03
-4.377999332782789679e+03
-4.378231697578279636e+03
-4.378231697578279636e+03
-4.378157850157879693e+03
-4.378157850157879693e+03
-4.378130858769580300e+03
-4.378157029606220021e+03
-4.378028337991680019e+03
-4.378041002067870068e+03
-4.378041002067870068e+03
-4.378041002067870068e+03
-4.378041002067870068e+03
-4.378041002067870068e+03
-4.378247974917329884e+03
-4.378042936585959978e+03
-4.378042936585959978e+03
-4.378042936585959978e+03
-4.378042936585959978e+03
-4.378042936585959978e+03
-4.378042936585959978e+03
-4.377884176854219731e+03
-4.377884176854219731e+03
-4.377912106898050297e+03
-4.378000788720500168e+03
-4.377817758388379843e+03
-4.378108868910980163e+03
-4.378108868910980163e+03
-4.378108868910980163e+03
-4.378039844676330176e+03
-4.378039844676330176e+03
-4.378039844676330176e+03
-4.378039844676330176e+03
-4.378091222024109811e+03
-4.378180083245860260e+03
-4.378180083245860260e+03
-4.378180083245860260e+03
-4.378180083245860260e+03
-4.378281192011029816e+03
-4.378475598020099824e+03
-4.378475598020099824e+03
-4.378475598020099824e+03
-4.378328612111519760e+03
-4.378328612111519760e+03
-4.378328612111519760e+03
-4.378328612111519760e+03
-4.378328612111519760e+03
-4.378345094809669718e+03
-4.378249479185429664e+03
-4.378256164112370243e+03
-4.378256164112370243e+03
-4.378246502519409660e+03
-4.378520790193510038e+03
-4.378520790193510038e+03
-4.378520790193510038e+03
-4.378520790193510038e+03
-4.378625478989970361e+03
-4.378625478989970361e+03
-4.378625478989970361e+03
-4.378625478989970361e+03
-4.378625478989970361e+03
-4.378625478989970361e+03
-4.378670429650390361e+03
-4.378670429650390361e+03
-4.378670429650390361e+03
-4.378670429650390361e+03
-4.378670429650390361e+03
-4.378646589934999611e+03
-4.378646589934999611e+03
-4.378611139363700204e+03
-4.378730134930689928e+03
-4.378628623743589742e+03
-4.378628623743589742e+03
-4.378628623743589742e+03
-4.378628623743589742e+03
-4.378628623743589742e+03
-4.378628623743589742e+03
-4.378628623743589742e+03
-4.378586694517400247e+03
-4.378615625143739635e+03
-4.378615625143739635e+03
-4.378615625143739635e+03
-4.378615625143739635e+03
-4.378578466338460203e+03
-4.378578466338460203e+03
-4.378528189539550112e+03
-4.378528189539550112e+03
-4.378553921340570014e+03
-4.378757605759729813e+03
-4.378757605759729813e+03
-4.378898046196410178e+03
-4.378839554013189627e+03
-4.378886698582929967e+03
-4.378886698582929967e+03
-4.378701195214370273e+03
-4.378826070032790085e+03
-4.378826070032790085e+03
-4.378774642023819979e+03
-4.378758317987420014e+03
-4.378769075658939983e+03
-4.378769075658939983e+03
-4.378769075658939983e+03
-4.378693455576660199e+03
-4.378693455576660199e+03
-4.378936885962700217e+03
-4.378936885962700217e+03
-4.379100892578589992e+03
-4.379080181016450297e+03
-4.379080181016450297e+03
-4.379075936628390082e+03
-4.379075936628390082e+03
-4.379075936628390082e+03
-4.379053714736630354e+03
-4.379136255120370151e+03
-4.379136255120370151e+03
-4.379134350555539640e+03
-4.379076897262530110e+03
-4.379076897262530110e+03
-4.378912249180650178e+03
-4.378915647180139786e+03
-4.379098347715729687e+03
-4.379098347715729687e+03
-4.379098347715729687e+03
-4.379098347715729687e+03
-4.379098347715729687e+03
-4.379098347715729687e+03
-4.379098347715729687e+03
-4.379098347715729687e+03
-4.379098347715729687e+03
-4.378942374196150013e+03
-4.378942374196150013e+03
-4.379099021503669974e+03
-4.379099021503669974e+03
-4.379244891580689909e+03
-4.379244891580689909e+03
-4.379244891580689909e+03
-4.379216374969870230e+03
-4.379255865952500244e+03
-4.379255865952500244e+03
-4.379255865952500244e+03
-4.379255865952500244e+03
-4.379255865952500244e+03
-4.379255865952500244e+03
-4.379255865952500244e+03
-4.379078440310659971e+03
-4.379078440310659971e+03
-4.378859974192289883e+03
-4.378963716797409688e+03
-4.378894588287190345e+03
-4.378894588287190345e+03
-4.378894588287190345e+03
-4.378894588287190345e+03
-4.378894588287190345e+03
-4.378894588287190345e+03
-4.378596591140950295e+03
-4.378596591140950295e+03
-4.378596591140950295e+03
-4.378601294351089564e+03
-4.378799748381799873e+03
-4.378799748381799873e+03
-4.378799748381799873e+03
-4.378799748381799873e+03
-4.378799748381799873e+03
-4.378799748381799873e+03
-4.378736020551010370e+03
-4.378736020551010370e+03
-4.378736020551010370e+03
-4.378736020551010370e+03
-4.378736020551010370e+03
-4.378736020551010370e+03
-4.378582843092440271e+03
-4.378582843092440271e+03
-4.378582843092440271e+03
-4.378582843092440271e+03
-4.378582843092440271e+03
-4.378575350959120442e+03
-4.378575350959120442e+03
-4.378575350959120442e+03
-4.378575350959120442e+03
-4.378575350959120442e+03
-4.378566005564869556e+03
-4.378566005564869556e+03
-4.378566005564869556e+03
-4.378566005564869556e+03
-4.378566005564869556e+03
-4.378566005564869556e+03
-4.378566005564869556e+03
-4.378566005564869556e+03
-4.378514665599699583e+03
-4.378514665599699583e+03
-4.378629764642580085e+03
-4.378629764642580085e+03
-4.378629764642580085e+03
-4.378629764642580085e+03
-4.378751665848209996e+03
-4.378751665848209996e+03
-4.378751665848209996e+03
-4.378751665848209996e+03
-4.378538287281439807e+03
-4.378415635218860189e+03
-4.378415635218860189e+03
-4.378423573725570350e+03
-4.378423573725570350e+03
-4.378502815742030180e+03
-4.378502815742030180e+03
-4.378489627375480268e+03
-4.378489627375480268e+03
-4.378443227699290219e+03
-4.378515149573629969e+03
-4.378515149573629969e+03
-4.378515149573629969e+03
-4.378645453030940189e+03
-4.378645453030940189e+03
-4.378645453030940189e+03
-4.378645453030940189e+03
-4.378645453030940189e+03
-4.378645453030940189e+03
-4.378645453030940189e+03
-4.378645453030940189e+03
-4.378645453030940189e+03
-4.378693380153669750e+03
-4.378693380153669750e+03
-4.378815998831249999e+03
-4.378815998831249999e+03
-4.378815998831249999e+03
-4.378815998831249999e+03
-4.378801413238040368e+03
-4.378801413238040368e+03
-4.378823221444000410e+03
-4.378823221444000410e+03
-4.378777989156569674e+03
-4.378769049099350013e+03
-4.378787360274989624e+03
-4.378703817748350048e+03
-4.378440298929280289e+03
-4.378440298929280289e+03
-4.378440298929280289e+03
-4.378410532028329726e+03
-4.378410532028329726e+03
-4.378410532028329726e+03
-4.378290153697280402e+03
-4.378290153697280402e+03
-4.378290153697280402e+03
-4.378131256436309741e+03
-4.378131256436309741e+03
-4.378131256436309741e+03
-4.378131256436309741e+03
-4.378131256436309741e+03
-4.378131256436309741e+03
-4.378131256436309741e+03
-4.378131256436309741e+03
-4.378131256436309741e+03
-4.378131256436309741e+03
-4.378237213965980118e+03
-4.378237213965980118e+03
-4.378206307724170074e+03
-4.378376369913040435e+03
-4.378376369913040435e+03
-4.378417819488179703e+03
-4.378417819488179703e+03
-4.378417819488179703e+03
-4.378417819488179703e+03
-4.378358004822450312e+03
-4.378358004822450312e+03
-4.378576027194700146e+03
-4.378576027194700146e+03
-4.378576027194700146e+03
-4.378576027194700146e+03
-4.378576027194700146e+03
-4.378576027194700146e+03
-4.378576027194700146e+03
-4.378507311897969885e+03
-4.378507311897969885e+03
-4.378507311897969885e+03
-4.378507311897969885e+03
-4.378718203223290402e+03
-4.378718203223290402e+03
-4.378718203223290402e+03
-4.378718203223290402e+03
-4.378876223272100106e+03
-4.379047977599129808e+03
-4.379047977599129808e+03
-4.379047977599129808e+03
-4.379047977599129808e+03
-4.379047977599129808e+03
-4.379036236730519704e+03
-4.379036236730519704e+03
-4.379023554880919619e+03
-4.379023554880919619e+03
-4.379023554880919619e+03
-4.379023554880919619e+03
-4.379277961506360043e+03
-4.379277961506360043e+03
-4.379277961506360043e+03
-4.379277961506360043e+03
-4.379277961506360043e+03
-4.379277961506360043e+03
-4.379254034240760120e+03
-4.379291842381469905e+03
-4.379297985148040425e+03
-4.379297985148040425e+03
-4.379222156331629776e+03
-4.379172275177979827e+03
-4.379058643983219554e+03
-4.379058643983219554e+03
-4.379058643983219554e+03
-4.379058643983219554e+03
-4.379058643983219554e+03
-4.379058643983219554e+03
-4.379058643983219554e+03
-4.379058643983219554e+03
-4.378966677585840443e+03
-4.378966677585840443e+03
-4.378966677585840443e+03
-4.378966677585840443e+03
-4.378966677585840443e+03
-4.378966677585840443e+03
-4.378966677585840443e+03
-4.379128539392329913e+03
-4.379128539392329913e+03
-4.379093564314680407e+03
-4.379126765793300365e+03
-4.379126765793300365e+03
-4.379161343913389828e+03
-4.379155849992190269e+03
-4.379155849992190269e+03
-4.379155849992190269e+03
-4.379155849992190269e+03
-4.379155849992190269e+03
-4.379155849992190269e+03
-4.379155849992190269e+03
-4.379155849992190269e+03
-4.379155849992190269e+03
-4.379135340245109546e+03
-4.379200395999009743e+03
-4.379200395999009743e+03
-4.379200395999009743e+03
-4.379200395999009743e+03
-4.379200395999009743e+03
-4.379200395999009743e+03
-4.379200395999009743e+03
-4.379200395999009743e+03
-4.379047848400459770e+03
-4.379047848400459770e+03
-4.379319819135240323e+03
-4.379300575998850036e+03
-4.379291920299389858e+03
-4.379206626693990074e+03
-4.379206626693990074e+03
-4.379206626693990074e+03
-4.379206626693990074e+03
-4.379206626693990074e+03
-4.379206626693990074e+03
-4.379133832911889840e+03
-4.379133832911889840e+03
-4.379143119054690032e+03
-4.379143119054690032e+03
-4.379143119054690032e+03
-4.379143119054690032e+03
-4.379143119054690032e+03
-4.379143119054690032e+03
-4.379143119054690032e+03
-4.379143119054690032e+03
-4.379143119054690032e+03
-4.379143119054690032e+03
-4.379115457052939746e+03
-4.379115457052939746e+03
-4.379115457052939746e+03
-4.379115457052939746e+03
-4.379115457052939746e+03
-4.378938723432000188e+03
-4.378740468530720136e+03
-4.378740468530720136e+03
-4.378566661946119893e+03
-4.378635427171189804e+03
-4.378777477527420160e+03
-4.378777477527420160e+03
-4.378777477527420160e+03
-4.378859506051189783e+03
-4.378859506051189783e+03
-4.378859506051189783e+03
-4.378859506051189783e+03
-4.378612954497690225e+03
-4.378612954497690225e+03
-4.378612954497690225e+03
-4.378693813510640211e+03
-4.378693813510640211e+03
-4.378693813510640211e+03
-4.378783657519419648e+03
-4.378783657519419648e+03
-4.378783657519419648e+03
-4.378783657519419648e+03
-4.378783657519419648e+03
-4.378783657519419648e+03
-4.378783657519419648e+03
-4.378854022130660269e+03
-4.378921769529780249e+03
-4.378921769529780249e+03
-4.378921769529780249e+03
-4.378743302529380344e+03
-4.378743302529380344e+03
-4.378784039427409880e+03
-4.378784039427409880e+03
-4.378784039427409880e+03
-4.378863798225689607e+03
-4.378863798225689607e+03
-4.378863798225689607e+03
-4.378863798225689607e+03
-4.378863798225689607e+03
-4.378582699085010063e+03
-4.378582699085010063e+03
-4.378796497747390276e+03
-4.378940613601629593e+03
-4.378773966464569639e+03
-4.378761215414089747e+03
-4.378761215414089747e+03
-4.378761215414089747e+03
-4.378751963801820239e+03
-4.378751963801820239e+03
-4.378751963801820239e+03
-4.378751963801820239e+03
-4.378751963801820239e+03
-4.378751963801820239e+03
-4.378751963801820239e+03
-4.378751963801820239e+03
-4.379064183463759946e+03
-4.379009196883869663e+03
-4.378922415517869922e+03
-4.378922415517869922e+03
-4.378922415517869922e+03
-4.378922415517869922e+03
-4.378922415517869922e+03
-4.378922415517869922e+03
-4.378868323913589848e+03
-4.378902151896169926e+03
-4.378987655471840299e+03
-4.378987655471840299e+03
-4.379110961007389960e+03
-4.379068356388210304e+03
-4.379068356388210304e+03
-4.379068356388210304e+03
-4.379127207827459642e+03
-4.378971291595259572e+03
-4.378971291595259572e+03
-4.379115022318889714e+03
-4.379103678925500390e+03
-4.379082962636290176e+03
-4.379082962636290176e+03
-4.379064376105689917e+03
-4.379136887304360243e+03
-4.379136887304360243e+03
-4.379237503481180283e+03
-4.379298418819829749e+03
-4.379298418819829749e+03
-4.379298418819829749e+03
-4.379298418819829749e+03
-4.379298418819829749e+03
-4.379272660433919555e+03
-4.379314464164929632e+03
-4.379314464164929632e+03
-4.379314464164929632e+03
-4.379414903315690026e+03
-4.379414903315690026e+03
-4.379414903315690026e+03
-4.379417652500819713e+03
-4.379456015540869885e+03
-4.379451091494839602e+03
-4.379451091494839602e+03
-4.379328515018390135e+03
-4.379345154172469847e+03
-4.379345154172469847e+03
-4.379345154172469847e+03
-4.379345154172469847e+03
-4.379345154172469847e+03
-4.379345154172469847e+03
-4.379345154172469847e+03
-4.379280835854779980e+03
-4.379198360871389923e+03
-4.379187358663330087e+03
-4.379187358663330087e+03
-4.379187358663330087e+03
-4.379187358663330087e+03
-4.379187358663330087e+03
-4.379129331773850026e+03
-4.379170357819300079e+03
-4.379170357819300079e+03
-4.379170357819300079e+03
-4.379170357819300079e+03
-4.379170357819300079e+03
-4.379170357819300079e+03
-4.379170357819300079e+03
-4.379170357819300079e+03
-4.379207784655670366e+03
-4.379270446189630093e+03
-4.379270446189630093e+03
-4.379270446189630093e+03
-4.379242627259060100e+03
-4.379140321648190366e+03
-4.379140321648190366e+03
-4.379140321648190366e+03
-4.379140321648190366e+03
-4.379140321648190366e+03
-4.379103647171389639e+03
-4.379103647171389639e+03
-4.379103647171389639e+03
-4.379157683368470316e+03
-4.379157683368470316e+03
-4.379157683368470316e+03
-4.379243770101160408e+03
-4.379243770101160408e+03
-4.379243770101160408e+03
-4.379351200991760379e+03
-4.379351200991760379e+03
-4.379351200991760379e+03
-4.379391492407759870e+03
-4.379372858601560438e+03
-4.379372858601560438e+03
-4.379338519668829576e+03
-4.379297768418789929e+03
-4.379331212828729804e+03
-4.379220966545300143e+03
-4.379220966545300143e+03
-4.379276720215450041e+03
-4.379276720215450041e+03
-4.379276720215450041e+03
-4.379258000655079741e+03
-4.379262482391370213e+03
-4.379262482391370213e+03
-4.379262482391370213e+03
-4.379358573889840045e+03
-4.379358573889840045e+03
-4.379358573889840045e+03
-4.379358573889840045e+03
-4.379358573889840045e+03
-4.379299170645839695e+03
-4.379058131369170042e+03
-4.378964880241320316e+03
-4.378964880241320316e+03
-4.378964880241320316e+03
-4.378964880241320316e+03
-4.378846454711970182e+03
-4.378846454711970182e+03
-4.378886654394190373e+03
-4.378886654394190373e+03
-4.378664219488930030e+03
-4.378606973062460384e+03
-4.378606973062460384e+03
-4.378606973062460384e+03
-4.378606973062460384e+03
-4.378796001772009731e+03
-4.378825670464670111e+03
-4.378825670464670111e+03
-4.378956280411929583e+03
-4.379007856529849960e+03
-4.379007856529849960e+03
-4.379007856529849960e+03
-4.379111140654969859e+03
-4.379111140654969859e+03
-4.379264577763479792e+03
-4.379073309254539708e+03
-4.379073309254539708e+03
-4.379073309254539708e+03
-4.379050193326000226e+03
-4.378928098165560186e+03
-4.378907297171230312e+03
-4.378907297171230312e+03
-4.379033835352849565e+03
-4.378986071676329630e+03
-4.378986071676329630e+03
-4.378986071676329630e+03
-4.378986071676329630e+03
-4.379086322199739698e+03
-4.379086322199739698e+03
-4.379174473655550173e+03
-4.379174473655550173e+03
-4.379143558416860287e+03
-4.378935813698750280e+03
-4.378935813698750280e+03
-4.378935813698750280e+03
-4.378884090283319892e+03
-4.378884090283319892e+03
-4.378884090283319892e+03
-4.378884090283319892e+03
-4.378884090283319892e+03
-4.378884090283319892e+03
-4.378884090283319892e+03
-4.378728461905990116e+03
-4.378923305902159882e+03
-4.378923305902159882e+03
-4.378923305902159882e+03
-4.378911555381780090e+03
-4.379057023182080229e+03
-4.379057023182080229e+03
-4.379128509659210067e+03
-4.379033037645869626e+03
-4.378865220234079970e+03
-4.378695591427270301e+03
-4.378695591427270301e+03
-4.378695591427270301e+03
-4.378695591427270301e+03
-4.378695591427270301e+03
-4.378695591427270301e+03
-4.378695591427270301e+03
-4.378607578619829837e+03
-4.378660782720759926e+03
-4.378660782720759926e+03
-4.378809413342510197e+03
-4.378809413342510197e+03
-4.378809413342510197e+03
-4.378843109521840233e+03
-4.378843109521840233e+03
-4.378800942030529768e+03
-4.378800942030529768e+03
-4.378800942030529768e+03
-4.378636560828080292e+03
-4.378875877960839716e+03
-4.378875877960839716e+03
-4.378473156464189742e+03
-4.378473156464189742e+03
-4.378473156464189742e+03
-4.378464390638720033e+03
-4.378308388473339619e+03
-4.378308388473339619e+03
-4.378308388473339619e+03
-4.378198070602359621e+03
-4.378198070602359621e+03
-4.378198070602359621e+03
-4.377908268210730057e+03
-4.377908268210730057e+03
-4.377908268210730057e+03
-4.377908268210730057e+03
-4.377871346863659710e+03
-4.377871346863659710e+03
-4.377871346863659710e+03
-4.377966047267939757e+03
-4.377966047267939757e+03
-4.377966047267939757e+03
-4.378025304204419626e+03
-4.378025304204419626e+03
-4.378025304204419626e+03
-4.378138646213239554e+03
-4.378292774564810315e+03
-4.378290511634980248e+03
-4.378202966795520297e+03
-4.378364990427519842e+03
-4.378364990427519842e+03
-4.378318600721960138e+03
-4.378318600721960138e+03
-4.378281646013890168e+03
-4.378281646013890168e+03
-4.378059870590769606e+03
-4.378059870590769606e+03
-4.378059870590769606e+03
-4.378026192920479843e+03
-4.378026192920479843e+03
-4.378072630978969755e+03
-4.378066951745339793e+03
-4.377761666409869576e+03
-4.377761666409869576e+03
-4.377761666409869576e+03
-4.377548908517879681e+03
-4.377544416091270250e+03
-4.377544416091270250e+03
-4.377544416091270250e+03
-4.377544416091270250e+03
-4.377544416091270250e+03
-4.377544416091270250e+03
-4.377556653161579561e+03
-4.377556653161579561e+03
-4.377556653161579561e+03
-4.377418153002629879e+03
-4.377418153002629879e+03
-4.377418153002629879e+03
-4.377399492507460309e+03
-4.377395702308999716e+03
-4.377395702308999716e+03
-4.377395702308999716e+03
-4.377395702308999716e+03
-4.377395702308999716e+03
-4.377395702308999716e+03
-4.377218636687310209e+03
-4.377313858716899631e+03
-4.377313858716899631e+03
-4384.84675090385
