-4.366871352248290350e+03
-4.366871352248290350e+03
-4.367116949364790344e+03
-4.367116949364790344e+03
-4.367132151578010053e+03
-4.367087088571400272e+03
-4.367087088571400272e+03
-4.367311575947610436e+03
-4.367391100123650176e+03
-4.367391100123650176e+03
-4.367391100123650176e+03
-4.367391100123650176e+03
-4.367449615049699787e+03
-4.367411572520089976e+03
-4.367411572520089976e+03
-4.367411572520089976e+03
-4.367411572520089976e+03
-4.367627132606519808e+03
-4.367627132606519808e+03
-4.367619397794679571e+03
-4.367769624867420134e+03
-4.367769624867420134e+03
-4.367959219344020312e+03
-4.367959219344020312e+03
-4.367958891707299699e+03
-4.367958891707299699e+03
-4.367958891707299699e+03
-4.367958891707299699e+03
-4.368204917386449779e+03
-4.368165418487200441e+03
-4.368278023955080243e+03
-4.368278023955080243e+03
-4.368130240720650363e+03
-4.368124575200639811e+03
-4.368143084793950038e+03
-4.368145084458819838e+03
-4.368117807391109636e+03
-4.368117807391109636e+03
-4.368260278484450282e+03
-4.368291851133129967e+03
-4.368323304614150402e+03
-4.368597543177609623e+03
-4.368597543177609623e+03
-4.368597543177609623e+03
-4.368597543177609623e+03
-4.368487950957430257e+03
-4.368487950957430257e+03
-4.368487950957430257e+03
-4.368914653883240135e+03
-4.368914653883240135e+03
-4.368906720814129585e+03
-4.368916146956349621e+03
-4.368945559766249971e+03
-4.369004648541729694e+03
-4.368996888234019934e+03
-4.369016549709230276e+03
-4.369195662376499968e+03
-4.369385757397710222e+03
-4.369437303668780260e+03
-4.369665793154859784e+03
-4.369804057258360444e+03
-4.369759690965580376e+03
-4.369759690965580376e+03
-4.369817186866819611e+03
-4.370090892610360243e+03
-4.370174528235350408e+03
-4.370174528235350408e+03
-4.370174528235350408e+03
-4.370406570452069900e+03
-4.370406570452069900e+03
-4.370406570452069900e+03
-4.370406570452069900e+03
-4.370202140562269960e+03
-4.370182161183830431e+03
-4.370172365256599733e+03
-4.370120665813679807e+03
-4.370120665813679807e+03
-4.370120665813679807e+03
-4.370170927805599604e+03
-4.370398273390290342e+03
-4.370138098617620017e+03
-4.370203695063380110e+03
-4.370194972318940017e+03
-4.370327518058389614e+03
-4.370327518058389614e+03
-4.370402252118010438e+03
-4.370458284118850315e+03
-4.370470283652630314e+03
-4.370459846072410073e+03
-4.370459846072410073e+03
-4.370459846072410073e+03
-4.370459846072410073e+03
-4.370459846072410073e+03
-4.370459846072410073e+03
-4.370464018191129981e+03
-4.370395912739990308e+03
-4.370773068479899848e+03
-4.370809295020990248e+03
-4.370809295020990248e+03
-4.370809295020990248e+03
-4.370872596597109805e+03
-4.370758183850010028e+03
-4.370867761808780415e+03
-4.370964321644290067e+03
-4.371065119543390210e+03
-4.371196283427710114e+03
-4.371191445418940020e+03
-4.371191445418940020e+03
-4.371191445418940020e+03
-4.371265009692890089e+03
-4.371265009692890089e+03
-4.371265009692890089e+03
-4.371265009692890089e+03
-4.371265009692890089e+03
-4.371265009692890089e+03
-4.371265009692890089e+03
-4.371265009692890089e+03
-4.371265009692890089e+03
-4.371265009692890089e+03
-4.371265009692890089e+03
-4.371265009692890089e+03
-4.371592088418939966e+03
-4.371563285989020187e+03
-4.371795133582400013e+03
-4.371788491241940392e+03
-4.371795427216289681e+03
-4.371795427216289681e+03
-4.371743847648240262e+03
-4.371743847648240262e+03
-4.371743847648240262e+03
-4.371743847648240262e+03
-4.371743847648240262e+03
-4.371713471494869736e+03
-4.371713471494869736e+03
-4.371748536630179842e+03
-4.371921730493299947e+03
-4.371947011004939668e+03
-4.372047523207050290e+03
-4.372105916696529675e+03
-4.372105916696529675e+03
-4.372105916696529675e+03
-4.371989400144580031e+03
-4.372017645198429818e+03
-4.372017645198429818e+03
-4.372017645198429818e+03
-4.372017645198429818e+03
-4.372103977437510366e+03
-4.372104200122699694e+03
-4.372104200122699694e+03
-4.372104200122699694e+03
-4.372209732423540117e+03
-4.372225783223379949e+03
-4.371997299451480103e+03
-4.371997299451480103e+03
-4.371997299451480103e+03
-4.371997299451480103e+03
-4.371997299451480103e+03
-4.371997299451480103e+03
-4.372019518314040397e+03
-4.372060705506400154e+03
-4.372060705506400154e+03
-4.371934281966479830e+03
-4.372299672479820401e+03
-4.372299672479820401e+03
-4.372299672479820401e+03
-4.372499478784930034e+03
-4.372569243950199962e+03
-4.372603223282149884e+03
-4.372603223282149884e+03
-4.372603223282149884e+03
-4.372727476119350285e+03
-4.372727476119350285e+03
-4.373002870199529752e+03
-4.373002870199529752e+03
-4.373002870199529752e+03
-4.372955159048219684e+03
-4.372955159048219684e+03
-4.372866056332560220e+03
-4.372866056332560220e+03
-4.372949238093609893e+03
-4.372949238093609893e+03
-4.372964377436390350e+03
-4.372964377436390350e+03
-4.373131873082779748e+03
-4.373288140277810271e+03
-4.373432751569050197e+03
-4.373432751569050197e+03
-4.373432751569050197e+03
-4.373499301936079974e+03
-4.373499301936079974e+03
-4.373534420113440319e+03
-4.373474136208220443e+03
-4.373474136208220443e+03
-4.373460076567430406e+03
-4.373460076567430406e+03
-4.373460076567430406e+03
-4.373460076567430406e+03
-4.373460076567430406e+03
-4.373421066965480350e+03
-4.373281377455259644e+03
-4.373281377455259644e+03
-4.373221393713380166e+03
-4.373221393713380166e+03
-4.373255461776289849e+03
-4.373223955924459915e+03
-4.373223955924459915e+03
-4.373223955924459915e+03
-4.373253286258290245e+03
-4.373302355283970428e+03
-4.373302355283970428e+03
-4.373302355283970428e+03
-4.373302355283970428e+03
-4.373302355283970428e+03
-4.373304357987310141e+03
-4.373304357987310141e+03
-4.373304357987310141e+03
-4.373552254780230214e+03
-4.373615258928630283e+03
-4.373615258928630283e+03
-4.373615258928630283e+03
-4.373615258928630283e+03
-4.373615258928630283e+03
-4.373782005315720198e+03
-4.373782005315720198e+03
-4.373782005315720198e+03
-4.373782005315720198e+03
-4.373782005315720198e+03
-4.373782005315720198e+03
-4.373782005315720198e+03
-4.373729652207520303e+03
-4.373729652207520303e+03
-4.373729652207520303e+03
-4.373761860950980008e+03
-4.373761860950980008e+03
-4.373760408151199954e+03
-4.373643017196310211e+03
-4.373709140951979862e+03
-4.373709140951979862e+03
-4.373804068876879683e+03
-4.374064020213219919e+03
-4.373933845213089626e+03
-4.373933845213089626e+03
-4.373933845213089626e+03
-4.373838963257169780e+03
-4.373799392794649975e+03
-4.373799392794649975e+03
-4.373712943453109801e+03
-4.373712943453109801e+03
-4.373755736146919844e+03
-4.373755736146919844e+03
-4.373774031787190324e+03
-4.373778620866350138e+03
-4.373778620866350138e+03
-4.373758261905990366e+03
-4.373758261905990366e+03
-4.373768716994850365e+03
-4.373768716994850365e+03
-4.373768716994850365e+03
-4.373768716994850365e+03
-4.373768716994850365e+03
-4.373768716994850365e+03
-4.373845373739910428e+03
-4.373845373739910428e+03
-4.373984430527340010e+03
-4.373984430527340010e+03
-4.373984430527340010e+03
-4.373957687978329886e+03
-4.373957687978329886e+03
-4.373957687978329886e+03
-4.373957687978329886e+03
-4.373753621517370448e+03
-4.373753621517370448e+03
-4.373753621517370448e+03
-4.373753621517370448e+03
-4.373753621517370448e+03
-4.373753621517370448e+03
-4.373753621517370448e+03
-4.373753621517370448e+03
-4.373753621517370448e+03
-4.373811852787350290e+03
-4.373716130391199840e+03
-4.373790148805080207e+03
-4.373758244512569945e+03
-4.373754830936820326e+03
-4.373754830936820326e+03
-4.373754830936820326e+03
-4.373857896853800412e+03
-4.373615615585949854e+03
-4.373615615585949854e+03
-4.373649643053900036e+03
-4.373649643053900036e+03
-4.373723517762079609e+03
-4.373723517762079609e+03
-4.373979112773149609e+03
-4.374101032646260137e+03
-4.374004548188389890e+03
-4.373921875840909706e+03
-4.373899642647579640e+03
-4.373791810812659605e+03
-4.373844325859589844e+03
-4.373844325859589844e+03
-4.373751388527430208e+03
-4.373826793566990091e+03
-4.373826793566990091e+03
-4.373661583827039976e+03
-4.373661583827039976e+03
-4.373661583827039976e+03
-4.373664106628009904e+03
-4.373650194637550157e+03
-4.373618227150829625e+03
-4.373618227150829625e+03
-4.373845892684759747e+03
-4.373845892684759747e+03
-4.373845892684759747e+03
-4.373845892684759747e+03
-4.373632263365089784e+03
-4.373632263365089784e+03
-4.373721410301300239e+03
-4.373721410301300239e+03
-4.373721410301300239e+03
-4.373721410301300239e+03
-4.373721410301300239e+03
-4.373721410301300239e+03
-4.373767877823590425e+03
-4.373767877823590425e+03
-4.373767877823590425e+03
-4.373767877823590425e+03
-4.373767877823590425e+03
-4.373853939088119660e+03
-4.373853939088119660e+03
-4.373853939088119660e+03
-4.373853939088119660e+03
-4.373871869600209720e+03
-4.373994574827929682e+03
-4.373975049555930127e+03
-4.373975049555930127e+03
-4.373975049555930127e+03
-4.373891300909420352e+03
-4.374062870557990209e+03
-4.374075913609999589e+03
-4.374075913609999589e+03
-4.374075913609999589e+03
-4.374163683290120389e+03
-4.374163683290120389e+03
-4.374163683290120389e+03
-4.374324853602919575e+03
-4.374324853602919575e+03
-4.374324853602919575e+03
-4.374324853602919575e+03
-4.374157414706720374e+03
-4.374157414706720374e+03
-4.374194919080990076e+03
-4.374597068901320199e+03
-4.374623046204489583e+03
-4.374648232353350068e+03
-4.374648232353350068e+03
-4.374751028754149957e+03
-4.374751028754149957e+03
-4.374815675380369612e+03
-4.374815675380369612e+03
-4.374815675380369612e+03
-4.374968165314659927e+03
-4.374968165314659927e+03
-4.375195921031199759e+03
-4.375195921031199759e+03
-4.375187310414209605e+03
-4.375187310414209605e+03
-4.375187310414209605e+03
-4.375238827405600205e+03
-4.375366673379699932e+03
-4.375122239658409853e+03
-4.375085776553460164e+03
-4.375085776553460164e+03
-4.375085776553460164e+03
-4.375139047182519789e+03
-4.375139047182519789e+03
-4.375196533164299581e+03
-4.375199685604339720e+03
-4.375178387055900203e+03
-4.375235628621249816e+03
-4.375235628621249816e+03
-4.375235628621249816e+03
-4.375235628621249816e+03
-4.375205309953339565e+03
-4.375205309953339565e+03
-4.375211539368469857e+03
-4.375211539368469857e+03
-4.375211539368469857e+03
-4.375211539368469857e+03
-4.375164125496849920e+03
-4.375049204601759811e+03
-4.375049204601759811e+03
-4.375049204601759811e+03
-4.374985615734989551e+03
-4.374985615734989551e+03
-4.374891041439889705e+03
-4.374891041439889705e+03
-4.374941196251070323e+03
-4.375289525961719846e+03
-4.375108595428059743e+03
-4.375108595428059743e+03
-4.375108595428059743e+03
-4.375108595428059743e+03
-4.375217198444710448e+03
-4.375217198444710448e+03
-4.375283163817780405e+03
-4.375405789059210292e+03
-4.375405789059210292e+03
-4.375543250461820207e+03
-4.375543250461820207e+03
-4.375678175645820374e+03
-4.375596028274650052e+03
-4.375596028274650052e+03
-4.375596028274650052e+03
-4.375724026840250190e+03
-4.375600120911390150e+03
-4.375718481848020019e+03
-4.375718481848020019e+03
-4.375718481848020019e+03
-4.375718481848020019e+03
-4.375718481848020019e+03
-4.375718481848020019e+03
-4.375725535604549805e+03
-4.375725535604549805e+03
-4.375725535604549805e+03
-4.375703441789920362e+03
-4.375844347194790316e+03
-4.375787153942290388e+03
-4.375787153942290388e+03
-4.375857854407519881e+03
-4.375857854407519881e+03
-4.375810380945619727e+03
-4.375991610856070110e+03
-4.375991610856070110e+03
-4.375991610856070110e+03
-4.375947681340950112e+03
-4.375947681340950112e+03
-4.376157908426450376e+03
-4.376213883549239654e+03
-4.376213883549239654e+03
-4.376213883549239654e+03
-4.376309261082959893e+03
-4.376309261082959893e+03
-4.376309261082959893e+03
-4.376274066815650258e+03
-4.376215102690440290e+03
-4.376215102690440290e+03
-4.376399060252770141e+03
-4.376399060252770141e+03
-4.376212861618029820e+03
-4.376240247729269868e+03
-4.376146637482510414e+03
-4.376146637482510414e+03
-4.376146637482510414e+03
-4.376146637482510414e+03
-4.376054033624959629e+03
-4.376061537067909740e+03
-4.376061537067909740e+03
-4.376004351037049673e+03
-4.375798120005119927e+03
-4.375798120005119927e+03
-4.375798120005119927e+03
-4.375716207772649796e+03
-4.375642456381880038e+03
-4.375642456381880038e+03
-4.375642456381880038e+03
-4.375642456381880038e+03
-4.375642456381880038e+03
-4.375753745934789549e+03
-4.375753745934789549e+03
-4.375798592032660054e+03
-4.375815151629380125e+03
-4.375815151629380125e+03
-4.375858911354380325e+03
-4.375822210477809676e+03
-4.375822210477809676e+03
-4.375902993875150059e+03
-4.375820808557759847e+03
-4.375820808557759847e+03
-4.375972422445240227e+03
-4.375952401538500453e+03
-4.375952401538500453e+03
-4.375860449061229701e+03
-4.375860449061229701e+03
-4.375860449061229701e+03
-4.375860449061229701e+03
-4.376032232314850262e+03
-4.376032232314850262e+03
-4.376110956295709912e+03
-4.376110956295709912e+03
-4.376110956295709912e+03
-4.376110956295709912e+03
-4.376110956295709912e+03
-4.376110956295709912e+03
-4.376110956295709912e+03
-4.376110956295709912e+03
-4.376056619917940225e+03
-4.376056619917940225e+03
-4.376056619917940225e+03
-4.376056619917940225e+03
-4.376056619917940225e+03
-4.376061192248410407e+03
-4.376154388845819994e+03
-4.375976222017809960e+03
-4.375976222017809960e+03
-4.375963657294169934e+03
-4.375963657294169934e+03
-4.376012980354729734e+03
-4.376012980354729734e+03
-4.376012980354729734e+03
-4.375888274545840432e+03
-4.375888274545840432e+03
-4.375888274545840432e+03
-4.375888274545840432e+03
-4.375888274545840432e+03
-4.375888274545840432e+03
-4.375888274545840432e+03
-4.375888274545840432e+03
-4.375888274545840432e+03
-4.375737307383449661e+03
-4.375737307383449661e+03
-4.375737307383449661e+03
-4.375737307383449661e+03
-4.375737307383449661e+03
-4.375737307383449661e+03
-4.375737307383449661e+03
-4.375737307383449661e+03
-4.375737307383449661e+03
-4.375737307383449661e+03
-4.375850615033899885e+03
-4.375850615033899885e+03
-4.375850615033899885e+03
-4.375850615033899885e+03
-4.375869391887779784e+03
-4.375869391887779784e+03
-4.375869391887779784e+03
-4.375869391887779784e+03
-4.375869391887779784e+03
-4.375840160682369969e+03
-4.375840160682369969e+03
-4.375776256142299644e+03
-4.375776256142299644e+03
-4.375896061019199806e+03
-4.375896061019199806e+03
-4.375877644880460139e+03
-4.375877644880460139e+03
-4.375877644880460139e+03
-4.375877644880460139e+03
-4.375895462715559916e+03
-4.375895462715559916e+03
-4.375895462715559916e+03
-4.375895462715559916e+03
-4.375895462715559916e+03
-4.375965199369209586e+03
-4.376174069649659941e+03
-4.376174069649659941e+03
-4.376174069649659941e+03
-4.376255678974410330e+03
-4.376255678974410330e+03
-4.376255678974410330e+03
-4.376255678974410330e+03
-4.376255678974410330e+03
-4.376255678974410330e+03
-4.376255678974410330e+03
-4.376255678974410330e+03
-4.376255678974410330e+03
-4.376046789390499725e+03
-4.376046789390499725e+03
-4.376050670952309702e+03
-4.375935259097579547e+03
-4.375935259097579547e+03
-4.375827098690740058e+03
-4.375827098690740058e+03
-4.375827098690740058e+03
-4.375827098690740058e+03
-4.375827098690740058e+03
-4.375665954822349704e+03
-4.375665954822349704e+03
-4.375610975328079803e+03
-4.375610975328079803e+03
-4.375619934318729975e+03
-4.375619934318729975e+03
-4.375483825511900250e+03
-4.375483825511900250e+03
-4.375469223205070193e+03
-4.375469223205070193e+03
-4.375430140665280305e+03
-4.375430140665280305e+03
-4.375430140665280305e+03
-4.375430140665280305e+03
-4.375535891291679945e+03
-4.375616106964789651e+03
-4.375616106964789651e+03
-4.375616106964789651e+03
-4.375673881079180319e+03
-4.375923690294260268e+03
-4.375923690294260268e+03
-4.375798765567289593e+03
-4.375798765567289593e+03
-4.375798765567289593e+03
-4.375798765567289593e+03
-4.375798765567289593e+03
-4.375643947086599837e+03
-4.375643947086599837e+03
-4.375643947086599837e+03
-4.375554141059839822e+03
-4.375554141059839822e+03
-4.375554141059839822e+03
-4.375475985748010316e+03
-4.375481533915130058e+03
-4.375430455376579630e+03
-4.375430455376579630e+03
-4.375430455376579630e+03
-4.375452063955400263e+03
-4.375452063955400263e+03
-4.375480722733659604e+03
-4.375533467683229901e+03
-4.375476657598699603e+03
-4.375476657598699603e+03
-4.375476657598699603e+03
-4.375643513451829676e+03
-4.375686073579259755e+03
-4.375686073579259755e+03
-4.375686073579259755e+03
-4.375686073579259755e+03
-4.375686073579259755e+03
-4.375686073579259755e+03
-4.375686073579259755e+03
-4.375686073579259755e+03
-4.375686073579259755e+03
-4.375640483508589568e+03
-4.375640483508589568e+03
-4.375640483508589568e+03
-4.375454036008050025e+03
-4.375456675541830009e+03
-4.375456675541830009e+03
-4.375456675541830009e+03
-4.375651005617740338e+03
-4.375651005617740338e+03
-4.375543409452539890e+03
-4.375543409452539890e+03
-4.375386478435610115e+03
-4.375386478435610115e+03
-4.375500127738599986e+03
-4.375500127738599986e+03
-4.375500127738599986e+03
-4.375611701155349692e+03
-4.375611701155349692e+03
-4.375394335075669915e+03
-4.375273031907619952e+03
-4.375273031907619952e+03
-4.375273031907619952e+03
-4.375288511220340297e+03
-4.375288511220340297e+03
-4.375288511220340297e+03
-4.375288511220340297e+03
-4.375233598877550321e+03
-4.375233598877550321e+03
-4.375233598877550321e+03
-4.375130896746300095e+03
-4.375053114610789635e+03
-4.375095981488940197e+03
-4.375095981488940197e+03
-4.375218152224800178e+03
-4.375218152224800178e+03
-4.375218152224800178e+03
-4.375218152224800178e+03
-4.375218152224800178e+03
-4.375218152224800178e+03
-4.375218152224800178e+03
-4.375100596549849797e+03
-4.375100596549849797e+03
-4.374906282517060390e+03
-4.374928020493480290e+03
-4.374928020493480290e+03
-4.374978967126809948e+03
-4.374969579137039545e+03
-4.374969579137039545e+03
-4.374854609696600164e+03
-4.374797950758699699e+03
-4.374700706166159762e+03
-4.374700706166159762e+03
-4.374700706166159762e+03
-4.374700706166159762e+03
-4.374720844955279972e+03
-4.374607715670140351e+03
-4.374586461624479853e+03
-4.374586461624479853e+03
-4.374615531144970191e+03
-4.374715913842320333e+03
-4.374693507324650454e+03
-4.374715048264380130e+03
-4.374724615018690201e+03
-4.374724615018690201e+03
-4.374685824814579973e+03
-4.374685824814579973e+03
-4.374667256897269908e+03
-4.374667256897269908e+03
-4.374667256897269908e+03
-4.374602972438839970e+03
-4.374602972438839970e+03
-4.374602972438839970e+03
-4.374602972438839970e+03
-4.374602972438839970e+03
-4.374567220281160189e+03
-4.374567220281160189e+03
-4.374567220281160189e+03
-4.374567220281160189e+03
-4.374567220281160189e+03
-4.374567220281160189e+03
-4.374567220281160189e+03
-4.374536894334440149e+03
-4.374559412536709715e+03
-4.374559412536709715e+03
-4.374621214031830277e+03
-4.374621214031830277e+03
-4.374621214031830277e+03
-4.374621214031830277e+03
-4.374389919356919563e+03
-4.374389919356919563e+03
-4.374389919356919563e+03
-4.374389919356919563e+03
-4.374296763247360104e+03
-4.374296763247360104e+03
-4.374405753759169784e+03
-4.374405753759169784e+03
-4.374405753759169784e+03
-4.374405753759169784e+03
-4.374531873383740276e+03
-4.374531873383740276e+03
-4.374574909575519996e+03
-4.374574909575519996e+03
-4.374574909575519996e+03
-4.374574909575519996e+03
-4.374574909575519996e+03
-4.374574909575519996e+03
-4.374774408213270362e+03
-4.375022444880310104e+03
-4.375022444880310104e+03
-4.375031339419880169e+03
-4.374930613126740354e+03
-4.374977551869200397e+03
-4.374977551869200397e+03
-4.374977551869200397e+03
-4.374977551869200397e+03
-4.374996924882790154e+03
-4.374996924882790154e+03
-4.374880372173919568e+03
-4.375108465037589667e+03
-4.375108465037589667e+03
-4.375076526344430022e+03
-4.375072036576019855e+03
-4.374987115910120338e+03
-4.374987115910120338e+03
-4.374987115910120338e+03
-4.375165496683090169e+03
-4.375165496683090169e+03
-4.375165496683090169e+03
-4.375104769007100003e+03
-4.374984113167660325e+03
-4.375085228076380190e+03
-4.375023382337750263e+03
-4.375134662655340435e+03
-4.375201274021250356e+03
-4.375201274021250356e+03
-4.375380981212389997e+03
-4.375380981212389997e+03
-4.375380981212389997e+03
-4.375262256494949725e+03
-4.375262256494949725e+03
-4.375264564806620001e+03
-4.375264564806620001e+03
-4.375228442114420432e+03
-4.375228442114420432e+03
-4.375228442114420432e+03
-4.375228442114420432e+03
-4.375274312774569808e+03
-4.375274312774569808e+03
-4.375274259443710434e+03
-4.375153982260560042e+03
-4.375199538209680213e+03
-4.375307480735979880e+03
-4.375307480735979880e+03
-4.375307480735979880e+03
-4.375283867401210046e+03
-4.375492638863670436e+03
-4.375492638863670436e+03
-4.375472652613319951e+03
-4.375472652613319951e+03
-4.375472652613319951e+03
-4.375589377037619670e+03
-4.375589377037619670e+03
-4.375589377037619670e+03
-4.375546322729310305e+03
-4.375546322729310305e+03
-4.375553233836480103e+03
-4.375553233836480103e+03
-4.375433824692199778e+03
-4.375433824692199778e+03
-4.375433824692199778e+03
-4.375433824692199778e+03
-4.375433824692199778e+03
-4.375332532206650285e+03
-4.375332532206650285e+03
-4.375408963484979722e+03
-4.375408963484979722e+03
-4.375443238454269704e+03
-4.375443238454269704e+03
-4.375573679832529706e+03
-4.375573679832529706e+03
-4.375573679832529706e+03
-4.375608394113010036e+03
-4.375608394113010036e+03
-4.375608394113010036e+03
-4.375419778506129660e+03
-4.375356012302479940e+03
-4.375312796219380289e+03
-4.375312796219380289e+03
-4.375138289641079609e+03
-4.375103312231710333e+03
-4.375103312231710333e+03
-4.375103312231710333e+03
-4.375103312231710333e+03
-4.375042060435869644e+03
-4.375164137963740359e+03
-4.375164137963740359e+03
-4.374936455842470423e+03
-4.374936455842470423e+03
-4.374946082604919866e+03
-4.374946082604919866e+03
-4.374946082604919866e+03
-4.374885580768360342e+03
-4.375083327497400205e+03
-4.375061876374010353e+03
-4.375061876374010353e+03
-4.375061876374010353e+03
-4.375061876374010353e+03
-4.374956124104999617e+03
-4.374988943314279823e+03
-4.374929708895119802e+03
-4.374929708895119802e+03
-4.374910041529429691e+03
-4.374983150273709725e+03
-4.374666829957720438e+03
-4.374643279653189893e+03
-4.374643279653189893e+03
-4.374643279653189893e+03
-4.374643279653189893e+03
-4.374577875415609924e+03
-4.374665393498379672e+03
-4.374665393498379672e+03
-4.374665393498379672e+03
-4.374665393498379672e+03
-4.374665393498379672e+03
-4.374665393498379672e+03
-4.374665393498379672e+03
-4.374665393498379672e+03
-4.374379902914850391e+03
-4.374570261671649860e+03
-4.374556848907650419e+03
-4.374454504332289616e+03
-4.374454504332289616e+03
-4.374454504332289616e+03
-4.374454504332289616e+03
-4.374454504332289616e+03
-4.374454504332289616e+03
-4.374454504332289616e+03
-4.374454504332289616e+03
-4.374493639414759855e+03
-4.374354174618179968e+03
-4.374364343076080331e+03
-4.374347464780549672e+03
-4.374532455694759847e+03
-4.374532455694759847e+03
-4.374653842662240095e+03
-4.374653842662240095e+03
-4.374539053448569575e+03
-4.374805160630379760e+03
-4.374910262880839582e+03
-4.374875540265999916e+03
-4.374973186746569809e+03
-4.374973186746569809e+03
-4.374973186746569809e+03
-4.375091373555330392e+03
-4.375091373555330392e+03
-4.375091373555330392e+03
-4.374902080404240223e+03
-4.374970200267140171e+03
-4.374970200267140171e+03
-4.374970200267140171e+03
-4.374970200267140171e+03
-4.374970200267140171e+03
-4.374970200267140171e+03
-4.374970200267140171e+03
-4.374993359593750029e+03
-4.374993359593750029e+03
-4.374993359593750029e+03
-4.374993359593750029e+03
-4.374852990244629837e+03
-4.374962977089779997e+03
-4.375138862606149814e+03
-4.375138862606149814e+03
-4.375162274923380210e+03
-4.375325119648339751e+03
-4.375468991703460233e+03
-4.375468991703460233e+03
-4.375468991703460233e+03
-4.375478584714120188e+03
-4.375549324854499901e+03
-4.375535519956280041e+03
-4.375668443485229545e+03
-4.375891137922860253e+03
-4.375800185658569717e+03
-4.375917500961149926e+03
-4.375799192761510312e+03
-4.375827946072289706e+03
-4.375982335524569862e+03
-4.375937126875979629e+03
-4.375937126875979629e+03
-4.375937126875979629e+03
-4.375937126875979629e+03
-4.375740066426389603e+03
-4.375740066426389603e+03
-4.376129912442569548e+03
-4.376129912442569548e+03
-4.376135716423849772e+03
-4.376097965181220388e+03
-4.376097965181220388e+03
-4.375983078831860439e+03
-4.375983078831860439e+03
-4.375983078831860439e+03
-4.376107378850990244e+03
-4.375902587310770286e+03
-4.375721430562100068e+03
-4.375721430562100068e+03
-4.375721430562100068e+03
-4.375721430562100068e+03
-4.375784286783949938e+03
-4.375784286783949938e+03
-4.375784286783949938e+03
-4.376047152954470221e+03
-4.376047152954470221e+03
-4.376047152954470221e+03
-4.376047152954470221e+03
-4.375847839713100257e+03
-4.375745783024989578e+03
-4.375745783024989578e+03
-4.375569191002599837e+03
-4.375569191002599837e+03
-4.375569191002599837e+03
-4.375769469870479952e+03
-4.375769469870479952e+03
-4.375769469870479952e+03
-4.375769469870479952e+03
-4.375769469870479952e+03
-4.375660580045509960e+03
-4.375611193188029574e+03
-4.375611193188029574e+03
-4.375611193188029574e+03
-4.375611193188029574e+03
-4.375611193188029574e+03
-4.375498672738410278e+03
-4.375498672738410278e+03
-4.375498672738410278e+03
-4.375391222949509938e+03
-4.375465984055499575e+03
-4.375469530792080150e+03
-4.375469530792080150e+03
-4.375469530792080150e+03
-4.375469530792080150e+03
-4.375469530792080150e+03
-4.375434638294879733e+03
-4.375434638294879733e+03
-4.375434638294879733e+03
-4.375434638294879733e+03
-4.375329607225269683e+03
-4.375588312730050347e+03
-4.375588312730050347e+03
-4.375588312730050347e+03
-4.375588312730050347e+03
-4.375588312730050347e+03
-4.375588312730050347e+03
-4.375482850381329627e+03
-4.375380950476340331e+03
-4.375380950476340331e+03
-4.375380950476340331e+03
-4.375380950476340331e+03
-4.375311560334470414e+03
-4.375552576183929887e+03
-4.375552576183929887e+03
-4.375666249013699598e+03
-4.376051130271290276e+03
-4.376051130271290276e+03
-4.376341909556430437e+03
-4.376325697846120420e+03
-4.376325697846120420e+03
-4.376325697846120420e+03
-4.376325697846120420e+03
-4.376325697846120420e+03
-4.376325697846120420e+03
-4.376291863199860018e+03
-4.376495715913119966e+03
-4.376495715913119966e+03
-4.376495715913119966e+03
-4.376372536540409783e+03
-4.376372536540409783e+03
-4.376372536540409783e+03
-4.376372536540409783e+03
-4.376372536540409783e+03
-4.376372536540409783e+03
-4.376194533884509838e+03
-4.376047384588289788e+03
-4.376134544455099785e+03
-4.376134544455099785e+03
-4.376134544455099785e+03
-4.376097423019000416e+03
-4.376116274368850100e+03
-4.376058579257630299e+03
-4.376183049295499586e+03
-4.376183049295499586e+03
-4.376220255968530182e+03
-4.376220255968530182e+03
-4.376220255968530182e+03
-4.376220255968530182e+03
-4.376220255968530182e+03
-4.376179121416999806e+03
-4.376179121416999806e+03
-4.376174133345580231e+03
-4.376174133345580231e+03
-4.376174133345580231e+03
-4.376078262222050398e+03
-4.376018103168050402e+03
-4.376018103168050402e+03
-4.376018103168050402e+03
-4.376018103168050402e+03
-4.376018103168050402e+03
-4.376080575065019730e+03
-4.376080575065019730e+03
-4.376080575065019730e+03
-4.376178285738549675e+03
-4.376178285738549675e+03
-4.376178285738549675e+03
-4.376019684478040290e+03
-4.375837914681829716e+03
-4.375969972666580361e+03
-4.375838004890420052e+03
-4.375838004890420052e+03
-4.375976304800899925e+03
-4.375976304800899925e+03
-4.375858645217759658e+03
-4.375858645217759658e+03
-4.375860677076219872e+03
-4.375860677076219872e+03
-4.375860677076219872e+03
-4.375997675249420354e+03
-4.375997675249420354e+03
-4.375992255630980253e+03
-4.375992255630980253e+03
-4.375992255630980253e+03
-4.375992255630980253e+03
-4.375992255630980253e+03
-4.375992255630980253e+03
-4.375992255630980253e+03
-4.375992255630980253e+03
-4.376085353943090013e+03
-4.375693797554469711e+03
-4.375709718138149583e+03
-4.375793251849990156e+03
-4.375793251849990156e+03
-4.375839359126380259e+03
-4.375833603942050104e+03
-4.375833603942050104e+03
-4.375833603942050104e+03
-4.375833603942050104e+03
-4.375903979951270230e+03
-4.375903979951270230e+03
-4.375790183461380366e+03
-4.375790183461380366e+03
-4.375869888264520341e+03
-4.375869888264520341e+03
-4.375833361280299869e+03
-4.375833361280299869e+03
-4.375814421188870256e+03
-4.375814421188870256e+03
-4.375814421188870256e+03
-4.375814421188870256e+03
-4.375814421188870256e+03
-4.375814421188870256e+03
-4.375814421188870256e+03
-4.375814421188870256e+03
-4.375814421188870256e+03
-4.375814421188870256e+03
-4.375785486690840116e+03
-4.375785486690840116e+03
-4.375785486690840116e+03
-4.375909843057380385e+03
-4.375898626997290194e+03
-4.375772059710569920e+03
-4.375594555896949714e+03
-4.375706670285509972e+03
-4.375706670285509972e+03
-4.375695438091160213e+03
-4.375695438091160213e+03
-4.375695438091160213e+03
-4.375656028722690280e+03
-4.375655930414390241e+03
-4.375698538931989788e+03
-4.375698538931989788e+03
-4.375698538931989788e+03
-4.375720894585149836e+03
-4.375720894585149836e+03
-4.375720894585149836e+03
-4.375733316297800229e+03
-4.375789828240520364e+03
-4.375789828240520364e+03
-4.375789828240520364e+03
-4.375789828240520364e+03
-4.375786614872599785e+03
-4.375786614872599785e+03
-4.375786614872599785e+03
-4.375783146607230265e+03
-4.375783146607230265e+03
-4.375783146607230265e+03
-4.375783146607230265e+03
-4.375778084793390008e+03
-4.375778084793390008e+03
-4.375671561422350351e+03
-4.375671561422350351e+03
-4.375671561422350351e+03
-4.375671561422350351e+03
-4.375671561422350351e+03
-4.375763345922249755e+03
-4.375763345922249755e+03
-4.375879447254669685e+03
-4.375879447254669685e+03
-4.375703481548370291e+03
-4.375706765685739811e+03
-4.375601328358239698e+03
-4.375601328358239698e+03
-4.375534044083869958e+03
-4.375469541953350017e+03
-4.375565982627420453e+03
-4.375565982627420453e+03
-4.375565982627420453e+03
-4.375565982627420453e+03
-4.375573524204960449e+03
-4.375573524204960449e+03
-4.375512446044160242e+03
-4.375512446044160242e+03
-4.375512446044160242e+03
-4.375512446044160242e+03
-4.375762817706319765e+03
-4.375762817706319765e+03
-4.375742169193959853e+03
-4.375742169193959853e+03
-4.375742169193959853e+03
-4.375742169193959853e+03
-4.375742169193959853e+03
-4.375742169193959853e+03
-4.375711593509519844e+03
-4.375638465679990077e+03
-4.375638465679990077e+03
-4.375638465679990077e+03
-4.375484466286229690e+03
-4.375484466286229690e+03
-4.375484466286229690e+03
-4.375484466286229690e+03
-4.375484466286229690e+03
-4.375484466286229690e+03
-4.375484466286229690e+03
-4.375484466286229690e+03
-4.375496426489989972e+03
-4.375496426489989972e+03
-4.375382116040639630e+03
-4.375645632997609937e+03
-4.375718759509790289e+03
-4.375827061714720003e+03
-4.375827061714720003e+03
-4.375827061714720003e+03
-4.375625648374580123e+03
-4.375625648374580123e+03
-4.375922786187040401e+03
-4.375922786187040401e+03
-4.375955208339900310e+03
-4.375984787926119679e+03
-4.375984787926119679e+03
-4.375944053923970387e+03
-4.375944053923970387e+03
-4.375944053923970387e+03
-4.375916884816850143e+03
-4.375882519174539993e+03
-4.375866434074089739e+03
-4.375866434074089739e+03
-4.375866434074089739e+03
-4.375866434074089739e+03
-4.375866434074089739e+03
-4.375866434074089739e+03
-4.376224741606290081e+03
-4.376192375463449935e+03
-4.376192375463449935e+03
-4.376192375463449935e+03
-4.376192375463449935e+03
-4.376175055262990099e+03
-4.376286982080269809e+03
-4.376132457202350452e+03
-4.376132457202350452e+03
-4.375915239754400318e+03
-4.375915239754400318e+03
-4.375915239754400318e+03
-4.375915239754400318e+03
-4.375915239754400318e+03
-4.375850832258080118e+03
-4.375815199020859836e+03
-4.375759205466850290e+03
-4.375669018536240401e+03
-4.375669018536240401e+03
-4.375669018536240401e+03
-4.375669018536240401e+03
-4.375669018536240401e+03
-4.375596996416589718e+03
-4.375596996416589718e+03
-4.375553783091980222e+03
-4.375553783091980222e+03
-4.375553783091980222e+03
-4.375648403495560160e+03
-4.375570159573760066e+03
-4.375570159573760066e+03
-4.375570159573760066e+03
-4.375570159573760066e+03
-4.375570159573760066e+03
-4.375432617568249952e+03
-4.375473642334989563e+03
-4.375473642334989563e+03
-4.375547505726430245e+03
-4.375547505726430245e+03
-4.375547505726430245e+03
-4.375547505726430245e+03
-4.375488977947139574e+03
-4.375488977947139574e+03
-4.375764393406680028e+03
-4.375764393406680028e+03
-4.375764393406680028e+03
-4.375764393406680028e+03
-4.375582242222600144e+03
-4.375671397549500398e+03
-4.375662239341600070e+03
-4.375662239341600070e+03
-4.375670422524230162e+03
-4.375670422524230162e+03
-4.375670422524230162e+03
-4.375670422524230162e+03
-4.375670422524230162e+03
-4.375712332773709932e+03
-4.375683435959549570e+03
-4.375683435959549570e+03
-4.375683435959549570e+03
-4.375683435959549570e+03
-4.375891711220800062e+03
-4.375900027375630088e+03
-4.375900027375630088e+03
-4.375921629628700430e+03
-4.375921629628700430e+03
-4.375780169070580087e+03
-4.375780169070580087e+03
-4.375780169070580087e+03
-4.375780169070580087e+03
-4.375781691972099907e+03
-4.375781691972099907e+03
-4.375743585368270033e+03
-4.375743585368270033e+03
-4.375669276447920311e+03
-4.375549531591250343e+03
-4.375549531591250343e+03
-4.375549531591250343e+03
-4.375549531591250343e+03
-4.375313170170379635e+03
-4.375313170170379635e+03
-4.375313170170379635e+03
-4.375313170170379635e+03
-4.375194416231929608e+03
-4.375194416231929608e+03
-4.375194416231929608e+03
-4.375194416231929608e+03
-4.375194416231929608e+03
-4.375180031533030160e+03
-4.375266782837000392e+03
-4.375266782837000392e+03
-4.375266782837000392e+03
-4.375266782837000392e+03
-4.375266782837000392e+03
-4.375266782837000392e+03
-4.375384614898060136e+03
-4.375384614898060136e+03
-4.375416856256289975e+03
-4.375398190814609734e+03
-4.375398190814609734e+03
-4.375398190814609734e+03
-4.375010141750470211e+03
-4.375010141750470211e+03
-4.374989405680509662e+03
-4.374989405680509662e+03
-4.374992532858270351e+03
-4.374916674725020130e+03
-4.374916674725020130e+03
-4.374916674725020130e+03
-4.374916674725020130e+03
-4.374916674725020130e+03
-4.375109721098659975e+03
-4.375109721098659975e+03
-4.375109721098659975e+03
-4.375109721098659975e+03
-4.374855060449979646e+03
-4.374826500705239596e+03
-4.374776225121680000e+03
-4.374714891484140026e+03
-4.374714891484140026e+03
-4.374801917950079769e+03
-4.374801917950079769e+03
-4.374801917950079769e+03
-4.374721129425450272e+03
-4.374823811696220218e+03
-4.374823811696220218e+03
-4.374823811696220218e+03
-4.374823811696220218e+03
-4.374823811696220218e+03
-4.374930228391610399e+03
-4.374930228391610399e+03
-4.374930228391610399e+03
-4.374975321749399882e+03
-4.374975321749399882e+03
-4.374884989645929636e+03
-4.374937220412130046e+03
-4.374937220412130046e+03
-4.374937220412130046e+03
-4.374937220412130046e+03
-4.375125626066589575e+03
-4.375170766491760332e+03
-4.375170766491760332e+03
-4.375157193834729696e+03
-4.375402835669049637e+03
-4.375402835669049637e+03
-4.375402835669049637e+03
-4.375282928043379798e+03
-4.375282254243459647e+03
-4.375282254243459647e+03
-4.375356071405350121e+03
-4.375363374109580036e+03
-4.375363374109580036e+03
-4.375330562251489937e+03
-4.375333323358369853e+03
-4.375405631651769909e+03
-4.375405631651769909e+03
-4.375398542107610410e+03
-4.375398542107610410e+03
-4.375326772796270234e+03
-4.375326772796270234e+03
-4.375326772796270234e+03
-4.375326772796270234e+03
-4.375326772796270234e+03
-4.375326772796270234e+03
-4.375196000797500346e+03
-4.375263689142079784e+03
-4.375112636080950324e+03
-4.375112636080950324e+03
-4.374886344618839757e+03
-4.374829739012910068e+03
-4.374780450020220087e+03
-4.374751108777950321e+03
-4.374782514912510123e+03
-4.374782514912510123e+03
-4.374782514912510123e+03
-4.374782514912510123e+03
-4.374874787634619679e+03
-4.374874787634619679e+03
-4.374888846818509592e+03
-4.375154461308409736e+03
-4.375154461308409736e+03
-4.375155715412030077e+03
-4.375455796209869732e+03
-4.375437786038360173e+03
-4.375437786038360173e+03
-4.375437786038360173e+03
-4.375437786038360173e+03
-4.375437786038360173e+03
-4.375437786038360173e+03
-4.375409955973729666e+03
-4.375409955973729666e+03
-4.375409955973729666e+03
-4.375409955973729666e+03
-4.375405271932680080e+03
-4.375247116468909553e+03
-4.375396519082029954e+03
-4.375502545708050093e+03
-4.375464936201889941e+03
-4.375464936201889941e+03
-4.375464936201889941e+03
-4.375518861958799789e+03
-4.375518861958799789e+03
-4.375352542378350336e+03
-4.375352542378350336e+03
-4.375120228129419957e+03
-4.375120228129419957e+03
-4.375120228129419957e+03
-4.375120228129419957e+03
-4.375068144042999847e+03
-4.375068144042999847e+03
-4.375068144042999847e+03
-4.375068144042999847e+03
-4.375068144042999847e+03
-4.375257627965979736e+03
-4.375277372654450119e+03
-4.375268570274680314e+03
-4.375268570274680314e+03
-4.375080037284469654e+03
-4.375080037284469654e+03
-4.375080037284469654e+03
-4.375080037284469654e+03
-4.375080037284469654e+03
-4.375381324007619696e+03
-4.375421471734680381e+03
-4.375421471734680381e+03
-4.375352530206069787e+03
-4.375352530206069787e+03
-4.375352530206069787e+03
-4.375443654294190310e+03
-4.375636405314139665e+03
-4.375636405314139665e+03
-4.375636405314139665e+03
-4.375636405314139665e+03
-4.375636405314139665e+03
-4.375636405314139665e+03
-4.375636405314139665e+03
-4.375545926629980386e+03
-4.375545926629980386e+03
-4.375432643069400001e+03
-4.375322567604320284e+03
-4.375438141442909910e+03
-4.375385176613949625e+03
-4.375493135536789850e+03
-4.375481172062690348e+03
-4.375483636390239553e+03
-4.375480066392499793e+03
-4.375504760543640259e+03
-4.375831883223429941e+03
-4.375831883223429941e+03
-4.375816760688880095e+03
-4.375955738573779854e+03
-4.375720930792949730e+03
-4.375720930792949730e+03
-4.375765265844590431e+03
-4.375861397750590186e+03
-4.375754201594359984e+03
-4.375754201594359984e+03
-4.375881421921550100e+03
-4.375881421921550100e+03
-4.375881421921550100e+03
-4.375949817879490183e+03
-4.375949817879490183e+03
-4.375949817879490183e+03
-4.375873686233539956e+03
-4.375873686233539956e+03
-4.375873686233539956e+03
-4.375976880828129651e+03
-4.376125157912079885e+03
-4.376125157912079885e+03
-4.376287735887520284e+03
-4.376347669588240024e+03
-4.376362514569489576e+03
-4.376362514569489576e+03
-4.376336754985580228e+03
-4.376336754985580228e+03
-4.376336754985580228e+03
-4.376166960948399719e+03
-4.376289177590359941e+03
-4.376289177590359941e+03
-4.376289177590359941e+03
-4.376300813317279790e+03
-4.376300813317279790e+03
-4.376294947456230148e+03
-4.376267721392739986e+03
-4.376264395943219824e+03
-4.376264395943219824e+03
-4.376146574263229923e+03
-4.376146574263229923e+03
-4.376007595995860356e+03
-4.376007595995860356e+03
-4.376007595995860356e+03
-4.376007595995860356e+03
-4.376007595995860356e+03
-4.375944779819130417e+03
-4.375944779819130417e+03
-4.375914772809200258e+03
-4.375963042543689880e+03
-4.375963042543689880e+03
-4.375941354805359879e+03
-4.375754952070219588e+03
-4.375754952070219588e+03
-4.375754952070219588e+03
-4.375754952070219588e+03
-4.375754952070219588e+03
-4.375822429360229762e+03
-4.375797567674169841e+03
-4.375965313083270303e+03
-4.375919266365460317e+03
-4.376018062204039779e+03
-4.376018062204039779e+03
-4.376240395429509590e+03
-4.376287072845990224e+03
-4.376232241337370397e+03
-4.376232241337370397e+03
-4.376159242320280100e+03
-4.376159242320280100e+03
-4.376198724154890442e+03
-4.376215396718809643e+03
-4.376215396718809643e+03
-4.376258614094370387e+03
-4.376418550970820434e+03
-4.376422703646930131e+03
-4.376422703646930131e+03
-4.376340745237729607e+03
-4.376340745237729607e+03
-4.376340745237729607e+03
-4.376389488409499791e+03
-4.376520573280289682e+03
-4.376520573280289682e+03
-4.376520573280289682e+03
-4.376602901682579613e+03
-4.376421379550540223e+03
-4.376384502963580417e+03
-4.376412939473880215e+03
-4.376412939473880215e+03
-4.376412939473880215e+03
-4.376377690944370443e+03
-4.376407512922080059e+03
-4.376377522518640035e+03
-4.376337231218380111e+03
-4.376337231218380111e+03
-4.376337231218380111e+03
-4.376216606006380061e+03
-4.376245703252389831e+03
-4.376190871570420313e+03
-4.376122308962890202e+03
-4.376122308962890202e+03
-4.376122308962890202e+03
-4.376031053621009960e+03
-4.375974166126509772e+03
-4.376081640641669765e+03
-4.376074633015859945e+03
-4.376074633015859945e+03
-4.376074633015859945e+03
-4.376061600175030435e+03
-4.376259233489289727e+03
-4.376284777838889568e+03
-4.376215979753250394e+03
-4.376304340375820175e+03
-4.376212348707120327e+03
-4.376297868817089693e+03
-4.376154883413169955e+03
-4.376154883413169955e+03
-4.376154883413169955e+03
-4.376154883413169955e+03
-4.376154883413169955e+03
-4.376154883413169955e+03
-4.376154883413169955e+03
-4.376154883413169955e+03
-4.376154883413169955e+03
-4.376038279705059722e+03
-4.376038279705059722e+03
-4.376038279705059722e+03
-4.375836909282150373e+03
-4.375778748135159731e+03
-4.375883575906489568e+03
-4.375883575906489568e+03
-4.375889988147199801e+03
-4.376086999163009750e+03
-4.375889892377110300e+03
-4.375910192377030398e+03
-4.375910192377030398e+03
-4.375910192377030398e+03
-4.375910192377030398e+03
-4.375864101152509647e+03
-4.375950945006689835e+03
-4.376254429845729646e+03
-4.376042913432679597e+03
-4.376042913432679597e+03
-4.375991080352720019e+03
-4.375991080352720019e+03
-4.375991080352720019e+03
-4.375991080352720019e+03
-4.375991080352720019e+03
-4.376105866639360102e+03
-4.376159219015169583e+03
-4.376159219015169583e+03
-4.376159219015169583e+03
-4.376143882722049966e+03
-4.376155038432550100e+03
-4.376213847413940130e+03
-4.376213847413940130e+03
-4.376243308799569604e+03
-4.376212400687049922e+03
-4.376562963243300146e+03
-4.376562963243300146e+03
-4.376562963243300146e+03
-4.376562963243300146e+03
-4.376586635869260135e+03
-4.376586635869260135e+03
-4.376586635869260135e+03
-4.376586635869260135e+03
-4.376659481995479837e+03
-4.376659481995479837e+03
-4.376689583427660182e+03
-4.376689583427660182e+03
-4.376689583427660182e+03
-4.376689583427660182e+03
-4.376689583427660182e+03
-4.376512259328280379e+03
-4.376512259328280379e+03
-4.376512259328280379e+03
-4.376593164165779854e+03
-4.376593164165779854e+03
-4.376706296113399731e+03
-4.376706296113399731e+03
-4.376706296113399731e+03
-4.376800748662360093e+03
-4.376800748662360093e+03
-4.376800748662360093e+03
-4.376393341599469750e+03
-4.376380420793489975e+03
-4.376380420793489975e+03
-4.376287124556270101e+03
-4.376271708724540076e+03
-4.376156417019459695e+03
-4.376156417019459695e+03
-4.375975826190379848e+03
-4.375975826190379848e+03
-4.375975826190379848e+03
-4.375975826190379848e+03
-4.375855679297030292e+03
-4.375855679297030292e+03
-4.375855679297030292e+03
-4.375858741624650065e+03
-4.375858741624650065e+03
-4.375858741624650065e+03
-4.375902105738199680e+03
-4.375902105738199680e+03
-4.375902105738199680e+03
-4.375902105738199680e+03
-4.375902105738199680e+03
-4.375842051007310147e+03
-4.375842051007310147e+03
-4.375842051007310147e+03
-4.375842051007310147e+03
-4.375842051007310147e+03
-4.375842051007310147e+03
-4.375842051007310147e+03
-4.375842051007310147e+03
-4.375853402883039962e+03
-4.375853402883039962e+03
-4.376044425920070353e+03
-4.376037497530600376e+03
-4.376037497530600376e+03
-4.376004641627589990e+03
-4.376004641627589990e+03
-4.376004641627589990e+03
-4.376175458176189750e+03
-4.376180910857799972e+03
-4.376180910857799972e+03
-4.376180910857799972e+03
-4.376180910857799972e+03
-4.376180910857799972e+03
-4.376130954455449682e+03
-4.376056539555919699e+03
-4.376056539555919699e+03
-4.376056539555919699e+03
-4.376120711348699842e+03
-4.376201804354989690e+03
-4.376201804354989690e+03
-4.376201804354989690e+03
-4.376201804354989690e+03
-4.376228402443110099e+03
-4.376228402443110099e+03
-4.376252978366160278e+03
-4.376380200015149967e+03
-4.376334886370280401e+03
-4.376334886370280401e+03
-4.376334886370280401e+03
-4.376334886370280401e+03
-4.376721638620219892e+03
-4.376784830074599995e+03
-4.376877446131649776e+03
-4.377022167368650116e+03
-4.377022167368650116e+03
-4.377022167368650116e+03
-4.377022167368650116e+03
-4.377097832640320121e+03
-4.377015122005360354e+03
-4.376872363097139896e+03
-4.376700392726709651e+03
-4.376680739550380167e+03
-4.376680739550380167e+03
-4.376680739550380167e+03
-4.376680739550380167e+03
-4.376680739550380167e+03
-4.376687192736850193e+03
-4.376808584388840245e+03
-4.376963266149059564e+03
-4.377135751477720078e+03
-4.377102249241150275e+03
-4.377102249241150275e+03
-4.377165697177490074e+03
-4.377001928345869601e+03
-4.377001888372319627e+03
-4.377079910354090316e+03
-4.377079910354090316e+03
-4.377115442491390240e+03
-4.377115442491390240e+03
-4.377115442491390240e+03
-4.377115442491390240e+03
-4.377023261335660209e+03
-4.377023261335660209e+03
-4.376894113849350106e+03
-4.376894113849350106e+03
-4.376894113849350106e+03
-4.377186505049439802e+03
-4.377186505049439802e+03
-4.377316615529880437e+03
-4.377335662990820310e+03
-4.377112081996870074e+03
-4.377112081996870074e+03
-4.377112081996870074e+03
-4.377112081996870074e+03
-4.377184069394010294e+03
-4.377184069394010294e+03
-4.377184069394010294e+03
-4.377164104667749598e+03
-4.377164104667749598e+03
-4.377173401651600216e+03
-4.377213106272780351e+03
-4.377213106272780351e+03
-4.377213106272780351e+03
-4.377213106272780351e+03
-4.377213106272780351e+03
-4.377213106272780351e+03
-4.377213106272780351e+03
-4.377213106272780351e+03
-4.377213106272780351e+03
-4.377213106272780351e+03
-4.377342365979990063e+03
-4.377342365979990063e+03
-4.377342365979990063e+03
-4.377342365979990063e+03
-4.377261631262330411e+03
-4.377261631262330411e+03
-4.377467849535920323e+03
-4.377467849535920323e+03
-4.377467849535920323e+03
-4.377467849535920323e+03
-4.377467849535920323e+03
-4.377509163171090222e+03
-4.377509163171090222e+03
-4.377633261023400337e+03
-4.377405621725990386e+03
-4.377405621725990386e+03
-4.377405621725990386e+03
-4.377474666334040194e+03
-4.377474666334040194e+03
-4.377474666334040194e+03
-4.377456964976329800e+03
-4.377456964976329800e+03
-4.377456964976329800e+03
-4.377456964976329800e+03
-4.377456964976329800e+03
-4.377677109820800069e+03
-4.377677109820800069e+03
-4.377825676115829992e+03
-4.377825676115829992e+03
-4.377825676115829992e+03
-4.377825676115829992e+03
-4.377825676115829992e+03
-4.377771702702380026e+03
-4.377771702702380026e+03
-4.377806375158539595e+03
-4.377806375158539595e+03
-4.377806375158539595e+03
-4.377883585520889937e+03
-4.377883585520889937e+03
-4.377883585520889937e+03
-4.377998446462510401e+03
-4.377998446462510401e+03
-4.377998446462510401e+03
-4.377998446462510401e+03
-4.377998446462510401e+03
-4.377998446462510401e+03
-4.377998446462510401e+03
-4.377998446462510401e+03
-4.377998446462510401e+03
-4.377998446462510401e+03
-4.377998446462510401e+03
-4.377998446462510401e+03
-4.377998446462510401e+03
-4.377998446462510401e+03
-4.377998446462510401e+03
-4.378050252205570359e+03
-4.378050252205570359e+03
-4.378050252205570359e+03
-4.378050252205570359e+03
-4.378068572119460441e+03
-4.378094435887140207e+03
-4.378094435887140207e+03
-4.378094435887140207e+03
-4.378083711041859715e+03
-4.377965195156390109e+03
-4.377965195156390109e+03
-4.377965195156390109e+03
-4.377903035255329996e+03
-4.377903035255329996e+03
-4.377956818090399793e+03
-4.377956818090399793e+03
-4.377956818090399793e+03
-4.377956818090399793e+03
-4.377849611980070222e+03
-4.377849611980070222e+03
-4.377864819572870147e+03
-4.377864819572870147e+03
-4.377864819572870147e+03
-4.377864819572870147e+03
-4.377864819572870147e+03
-4.377864819572870147e+03
-4.377864819572870147e+03
-4.377864819572870147e+03
-4.377864819572870147e+03
-4.377864819572870147e+03
-4.377864819572870147e+03
-4.377800291554340220e+03
-4.377800291554340220e+03
-4.377800291554340220e+03
-4.377800291554340220e+03
-4.377800291554340220e+03
-4.377800291554340220e+03
-4.377800291554340220e+03
-4.377800291554340220e+03
-4.377800291554340220e+03
-4.377791378940720278e+03
-4.377791378940720278e+03
-4.377791378940720278e+03
-4.377791378940720278e+03
-4.377791378940720278e+03
-4.377801680149240383e+03
-4.377801680149240383e+03
-4.377801680149240383e+03
-4.377556993823150151e+03
-4.377556993823150151e+03
-4.377682229187030316e+03
-4.377688957541019590e+03
-4.377688957541019590e+03
-4.377688957541019590e+03
-4.377688957541019590e+03
-4.377688957541019590e+03
-4.377688957541019590e+03
-4.377688957541019590e+03
-4.377688957541019590e+03
-4.377660552077840293e+03
-4.377660552077840293e+03
-4.377660552077840293e+03
-4.377660552077840293e+03
-4.377707746075589966e+03
-4.377707746075589966e+03
-4.377707746075589966e+03
-4.377707746075589966e+03
-4.377725793851979688e+03
-4.377725793851979688e+03
-4.377958563247520033e+03
-4.377978353676289771e+03
-4.377978353676289771e+03
-4.377978353676289771e+03
-4.378226037329510291e+03
-4.378200320046150409e+03
-4.378177587677600059e+03
-4.378142412199140381e+03
-4.377932354431240128e+03
-4.377932354431240128e+03
-4.377932354431240128e+03
-4.377730305306569790e+03
-4.377730305306569790e+03
-4.377730305306569790e+03
-4.377714892425469770e+03
-4.377714892425469770e+03
-4.377714892425469770e+03
-4.377914557588170283e+03
-4.377887741725419801e+03
-4.377911026606700034e+03
-4.377850110745450365e+03
-4.377838954295099938e+03
-4.377959828459799610e+03
-4.377959828459799610e+03
-4.377959828459799610e+03
-4.377952680895309641e+03
-4.377934574366419838e+03
-4.377934574366419838e+03
-4.377934574366419838e+03
-4.377934574366419838e+03
-4.377973965941379902e+03
-4.377973965941379902e+03
-4.377973965941379902e+03
-4.377753975806310336e+03
-4.377753975806310336e+03
-4.377962144457849718e+03
-4.377962144457849718e+03
-4.377962144457849718e+03
-4.378066229361689693e+03
-4.378062345086260393e+03
-4.378062345086260393e+03
-4.377888834297080393e+03
-4.377796541848319976e+03
-4.377944356263090413e+03
-4.377944356263090413e+03
-4.377944356263090413e+03
-4.377944356263090413e+03
-4.378004494388659623e+03
-4.377862074248139834e+03
-4.377862074248139834e+03
-4.377862074248139834e+03
-4.377862074248139834e+03
-4.377862074248139834e+03
-4.377862074248139834e+03
-4.377991995939820299e+03
-4.377991995939820299e+03
-4.377991995939820299e+03
-4.377991995939820299e+03
-4.378170405707610371e+03
-4.378170405707610371e+03
-4.378170405707610371e+03
-4.378170405707610371e+03
-4.378170405707610371e+03
-4.378170405707610371e+03
-4.378170405707610371e+03
-4.378299416619490330e+03
-4.378299416619490330e+03
-4.378299416619490330e+03
-4.378299416619490330e+03
-4.378299416619490330e+03
-4.378246107815160030e+03
-4.378246107815160030e+03
-4.378199796324080125e+03
-4.377938496365840365e+03
-4.377938496365840365e+03
-4.377908298934349659e+03
-4.377908298934349659e+03
-4.377908298934349659e+03
-4.377908298934349659e+03
-4.378129161992509580e+03
-4.378129161992509580e+03
-4.378129161992509580e+03
-4.378129161992509580e+03
-4.378129161992509580e+03
-4.378129161992509580e+03
-4.378129161992509580e+03
-4.378092591590389929e+03
-4.378153774472099940e+03
-4.378153774472099940e+03
-4.377988877390470407e+03
-4.377939409763749609e+03
-4.377939409763749609e+03
-4.377939409763749609e+03
-4.377939409763749609e+03
-4.377939409763749609e+03
-4.377939409763749609e+03
-4.377889529287050209e+03
-4.377889529287050209e+03
-4.377889529287050209e+03
-4.377889529287050209e+03
-4.377889529287050209e+03
-4.377889529287050209e+03
-4.377889529287050209e+03
-4.377679463936159664e+03
-4.377679463936159664e+03
-4.377751621063080165e+03
-4.377777479979949931e+03
-4.377777479979949931e+03
-4.377777479979949931e+03
-4.377778840942580246e+03
-4.377901683202770073e+03
-4.378093905962369718e+03
-4.378002435699019770e+03
-4.378069782364779712e+03
-4.378069782364779712e+03
-4.378175893670440018e+03
-4.378175914199459839e+03
-4.378265264372120328e+03
-4.378174449649190137e+03
-4.378174449649190137e+03
-4.378174449649190137e+03
-4.378174449649190137e+03
-4.378174449649190137e+03
-4.378174449649190137e+03
-4.378174449649190137e+03
-4.378174449649190137e+03
-4.378050962207619705e+03
-4.377749091363810294e+03
-4.377841252717749740e+03
-4.377841252717749740e+03
-4.377841252717749740e+03
-4.377841252717749740e+03
-4.377841252717749740e+03
-4.377841252717749740e+03
-4.377841252717749740e+03
-4.377776816383820005e+03
-4.377776816383820005e+03
-4.377768480926440134e+03
-4.377768480926440134e+03
-4.377744639748850204e+03
-4.377775477953669906e+03
-4.377775477953669906e+03
-4.377775477953669906e+03
-4.377905464194669548e+03
-4.377905464194669548e+03
-4.377851701031830089e+03
-4.377859708441519615e+03
-4.377859708441519615e+03
-4.377859708441519615e+03
-4.377859708441519615e+03
-4.377859708441519615e+03
-4.377859708441519615e+03
-4.377859708441519615e+03
-4.377874287969640136e+03
-4.378034077763810274e+03
-4.378034077763810274e+03
-4.377866944034380140e+03
-4.377866944034380140e+03
-4.377866944034380140e+03
-4.377866944034380140e+03
-4.377866944034380140e+03
-4.377866944034380140e+03
-4.377866944034380140e+03
-4.377835129652259639e+03
-4.377903709270370200e+03
-4.377858601324500341e+03
-4.377858601324500341e+03
-4.377822080246350197e+03
-4.377907480486440363e+03
-4.377907480486440363e+03
-4.377907480486440363e+03
-4.377920342586619881e+03
-4.377920342586619881e+03
-4.377897038857399821e+03
-4.377897038857399821e+03
-4.377897038857399821e+03
-4.377625272642309938e+03
-4.377651957445000335e+03
-4.377651957445000335e+03
-4.377651957445000335e+03
-4.377812173708770388e+03
-4.377812173708770388e+03
-4.377812173708770388e+03
-4.377838087984059712e+03
-4.377831111177149978e+03
-4.377707167209809995e+03
-4.377707167209809995e+03
-4.377877675864840057e+03
-4.377877675864840057e+03
-4.377977088452879798e+03
-4.377977088452879798e+03
-4.377977088452879798e+03
-4.378234277008349636e+03
-4.378425535894590212e+03
-4.378425535894590212e+03
-4.378425535894590212e+03
-4.378425535894590212e+03
-4.378425535894590212e+03
-4.378425535894590212e+03
-4.378425535894590212e+03
-4.378313493822550299e+03
-4.378313493822550299e+03
-4.378313493822550299e+03
-4.378252073853859656e+03
-4.378252073853859656e+03
-4.378248026045480401e+03
-4.378248026045480401e+03
-4.378248026045480401e+03
-4.378336829452249731e+03
-4.378336829452249731e+03
-4.378336829452249731e+03
-4.378475421779169665e+03
-4.378435261551780059e+03
-4.378435261551780059e+03
-4.378435261551780059e+03
-4.378435261551780059e+03
-4.378426727906189626e+03
-4.378310552972729965e+03
-4.378310552972729965e+03
-4.378310552972729965e+03
-4.378310552972729965e+03
-4.378312083460219583e+03
-4.378312083460219583e+03
-4.378312083460219583e+03
-4.378312083460219583e+03
-4.378312083460219583e+03
-4.378312083460219583e+03
-4.378312083460219583e+03
-4.378374242496520310e+03
-4.378374242496520310e+03
-4.378374242496520310e+03
-4.378374242496520310e+03
-4.378341397166689603e+03
-4.378341397166689603e+03
-4.378341397166689603e+03
-4.378341397166689603e+03
-4.378341397166689603e+03
-4.378341397166689603e+03
-4.378341397166689603e+03
-4.378341397166689603e+03
-4.378147497236949675e+03
-4.378156029541470161e+03
-4.378156029541470161e+03
-4.378156029541470161e+03
-4.378156029541470161e+03
-4.378107764517880241e+03
-4.378188052706789676e+03
-4.378386058512640375e+03
-4.378386058512640375e+03
-4.378386058512640375e+03
-4.378378910296870345e+03
-4.378378910296870345e+03
-4.378103009369529900e+03
-4.378103009369529900e+03
-4.378103009369529900e+03
-4.378198185003499930e+03
-4.378432234459660322e+03
-4.378508239693849646e+03
-4.378508239693849646e+03
-4.378508239693849646e+03
-4.378495841017060229e+03
-4.378495841017060229e+03
-4.378495841017060229e+03
-4.378495841017060229e+03
-4.378500847317630360e+03
-4.378500847317630360e+03
-4.378500847317630360e+03
-4.378415340876829760e+03
-4.378430178394410177e+03
-4.378355516876889851e+03
-4.378355516876889851e+03
-4.378355516876889851e+03
-4.378355516876889851e+03
-4.378355516876889851e+03
-4.378372281139269944e+03
-4.378372281139269944e+03
-4.378372281139269944e+03
-4.378372281139269944e+03
-4.378276188640160399e+03
-4.378276188640160399e+03
-4.378335251273970243e+03
-4.378551733215949753e+03
-4.378616663758270079e+03
-4.378616663758270079e+03
-4.378616663758270079e+03
-4.378535872727619790e+03
-4.378476500618539831e+03
-4.378715040796800167e+03
-4.378715040796800167e+03
-4.378715040796800167e+03
-4.378715040796800167e+03
-4.378715040796800167e+03
-4.378715040796800167e+03
-4.378715040796800167e+03
-4.378658413563770409e+03
-4.378452088859539799e+03
-4.378452088859539799e+03
-4.378567630077550348e+03
-4.378567630077550348e+03
-4.378567630077550348e+03
-4.378487215869319698e+03
-4.378487215869319698e+03
-4.378530005341200194e+03
-4.378465515405589940e+03
-4.378465515405589940e+03
-4.378465515405589940e+03
-4.378552110872030426e+03
-4.378552110872030426e+03
-4.378616096705750351e+03
-4.378649546440789891e+03
-4.378649546440789891e+03
-4.378649546440789891e+03
-4.378649546440789891e+03
-4.378649546440789891e+03
-4.378649546440789891e+03
-4.378528754152030160e+03
-4.378707521483999699e+03
-4.378968699204169752e+03
-4.378968699204169752e+03
-4.378968699204169752e+03
-4.378901283396849976e+03
-4.378901283396849976e+03
-4.378942938544289973e+03
-4.378942938544289973e+03
-4.378855177728710260e+03
-4.378855177728710260e+03
-4.378891728007400161e+03
-4.378891728007400161e+03
-4.378764356547229909e+03
-4.378597569174179625e+03
-4.378597569174179625e+03
-4.378597569174179625e+03
-4.378429935651450251e+03
-4.378429935651450251e+03
-4.378429935651450251e+03
-4.378429935651450251e+03
-4.378668809998560391e+03
-4.378668809998560391e+03
-4.378744085701740005e+03
-4.378744085701740005e+03
-4.378744085701740005e+03
-4.378810920498710402e+03
-4.378810920498710402e+03
-4.378810920498710402e+03
-4.378721688691410236e+03
-4.378721688691410236e+03
-4.378721688691410236e+03
-4.378627384635969975e+03
-4.378497078599820270e+03
-4.378497078599820270e+03
-4.378633308305819810e+03
-4.378633308305819810e+03
-4.378800708308729554e+03
-4.378800708308729554e+03
-4.378800708308729554e+03
-4.378800708308729554e+03
-4.378800708308729554e+03
-4.378800708308729554e+03
-4.378756296263660261e+03
-4.378756296263660261e+03
-4.378756296263660261e+03
-4.378756296263660261e+03
-4.378778157372919850e+03
-4.378778157372919850e+03
-4.378778157372919850e+03
-4.378778157372919850e+03
-4.378855207545960184e+03
-4.378855207545960184e+03
-4.378800085548899915e+03
-4.378800085548899915e+03
-4.378857865011260401e+03
-4.378961157746670324e+03
-4.378849663567830248e+03
-4.378849663567830248e+03
-4.378904114219730218e+03
-4.378856884005949723e+03
-4.378911710057390337e+03
-4.378911710057390337e+03
-4.378911710057390337e+03
-4.378864725768899916e+03
-4.378805898619640175e+03
-4.378805898619640175e+03
-4.378826897605040358e+03
-4.378915714206729717e+03
-4.378915714206729717e+03
-4.378915714206729717e+03
-4.378915714206729717e+03
-4.378915714206729717e+03
-4.378915714206729717e+03
-4.378915714206729717e+03
-4.378915714206729717e+03
-4.378915714206729717e+03
-4.378915714206729717e+03
-4.378915714206729717e+03
-4.378915714206729717e+03
-4.378915714206729717e+03
-4.378915714206729717e+03
-4.378915714206729717e+03
-4.378915714206729717e+03
-4.378797699356910016e+03
-4.378861211686219576e+03
-4.378861211686219576e+03
-4.378861211686219576e+03
-4.378861211686219576e+03
-4.378644144232320286e+03
-4.378644144232320286e+03
-4.378644144232320286e+03
-4.378644144232320286e+03
-4.378724799171710401e+03
-4.378587715137970008e+03
-4.378587715137970008e+03
-4.378587715137970008e+03
-4.378587715137970008e+03
-4.378587715137970008e+03
-4.378587715137970008e+03
-4.378587715137970008e+03
-4.378538230480940001e+03
-4.378538230480940001e+03
-4.378538230480940001e+03
-4.378533613293599956e+03
-4.378527567305360208e+03
-4.378527567305360208e+03
-4.378527567305360208e+03
-4.378527567305360208e+03
-4.378527567305360208e+03
-4.378527567305360208e+03
-4.378527567305360208e+03
-4.378527567305360208e+03
-4.378527567305360208e+03
-4.378527567305360208e+03
-4.378664796870940336e+03
-4.378664796870940336e+03
-4.378697495937330132e+03
-4.378697495937330132e+03
-4.378609874722040331e+03
-4.378609874722040331e+03
-4.378609874722040331e+03
-4.378609874722040331e+03
-4.378609874722040331e+03
-4.378648259447680175e+03
-4.378648259447680175e+03
-4.378648259447680175e+03
-4.378784483292800360e+03
-4.378784483292800360e+03
-4.378784483292800360e+03
-4.378784483292800360e+03
-4.378784483292800360e+03
-4.378911199688130182e+03
-4.378911199688130182e+03
-4.378999355799490331e+03
-4.378999355799490331e+03
-4.378999355799490331e+03
-4.379112078538009882e+03
-4.379228704157580069e+03
-4.379228704157580069e+03
-4.379203218374989774e+03
-4.379320645594189955e+03
-4.379277111765990412e+03
-4.379304469646380312e+03
-4.379320077751580357e+03
-4.379496171150820373e+03
-4.379595432991540292e+03
-4.379595432991540292e+03
-4.379595432991540292e+03
-4.379595432991540292e+03
-4.379595432991540292e+03
-4.379595432991540292e+03
-4.379573131437949996e+03
-4.379573131437949996e+03
-4.379573131437949996e+03
-4.379573131437949996e+03
-4.379573131437949996e+03
-4.379529532245859627e+03
-4.379438310874100353e+03
-4.379438310874100353e+03
-4.379438310874100353e+03
-4.379438310874100353e+03
-4.379421992504189802e+03
-4.379421992504189802e+03
-4.379459869751320184e+03
-4.379459869751320184e+03
-4.379459869751320184e+03
-4.379459869751320184e+03
-4.379459869751320184e+03
-4.379459869751320184e+03
-4.379459869751320184e+03
-4.379459869751320184e+03
-4.379395987349310417e+03
-4.379395987349310417e+03
-4.379395987349310417e+03
-4.379395987349310417e+03
-4.379283703071249874e+03
-4.379317343791330131e+03
-4.379303964196289598e+03
-4.378883297988950289e+03
-4.378657429684990348e+03
-4.378657429684990348e+03
-4.378641136627989908e+03
-4.378641136627989908e+03
-4.378641136627989908e+03
-4.378697941226760122e+03
-4.378710787418839573e+03
-4.378710787418839573e+03
-4.378710787418839573e+03
-4.378534470986770430e+03
-4.378595705552390427e+03
-4.378618273289360332e+03
-4.378584588437330240e+03
-4.378584588437330240e+03
-4.378584588437330240e+03
-4.378516850888760018e+03
-4.378434220541699688e+03
-4.378434220541699688e+03
-4.378434220541699688e+03
-4.378415936463869912e+03
-4.378415936463869912e+03
-4.378415936463869912e+03
-4.378552245527899686e+03
-4.378552245527899686e+03
-4.378550456750899684e+03
-4.378633035888459744e+03
-4.378633035888459744e+03
-4.378633035888459744e+03
-4.378712687832799929e+03
-4.378749479099969903e+03
-4.378749479099969903e+03
-4.378629460775019652e+03
-4.378629460775019652e+03
-4.378629460775019652e+03
-4.378533961030209866e+03
-4.378392043998769623e+03
-4.378477832097440114e+03
-4.378386561813419576e+03
-4.378344084630940415e+03
-4.378406497115400271e+03
-4.378406497115400271e+03
-4.378557662640159833e+03
-4.378442340568690270e+03
-4.378442340568690270e+03
-4.378442340568690270e+03
-4.378327089871269891e+03
-4.378327089871269891e+03
-4.378327089871269891e+03
-4.378327089871269891e+03
-4.378327089871269891e+03
-4.378327089871269891e+03
-4.378346847629240074e+03
-4.378309573092319624e+03
-4.378309573092319624e+03
-4.378309573092319624e+03
-4.378389564936460374e+03
-4.378389564936460374e+03
-4.378530167090149916e+03
-4.378530167090149916e+03
-4.378482271196069632e+03
-4.378214098453900078e+03
-4.378341327856230237e+03
-4.378341327856230237e+03
-4.378341327856230237e+03
-4.378336852622390325e+03
-4.378336852622390325e+03
-4.378407231858500381e+03
-4.378407231858500381e+03
-4.378442952074679852e+03
-4.378442952074679852e+03
-4.378442952074679852e+03
-4.378442952074679852e+03
-4.378376968108220353e+03
-4.378376968108220353e+03
-4.378376968108220353e+03
-4.378376968108220353e+03
-4.378376968108220353e+03
-4.378376968108220353e+03
-4.378532144117830285e+03
-4.378532144117830285e+03
-4.378629626283680409e+03
-4.378629626283680409e+03
-4.378584344520390005e+03
-4.378584344520390005e+03
-4.378743991525950150e+03
-4.378743991525950150e+03
-4.378946387878109817e+03
-4.378885898241280302e+03
-4.378885898241280302e+03
-4.378885898241280302e+03
-4.378744291612860252e+03
-4.378788040943560190e+03
-4.378788040943560190e+03
-4.378787634259279912e+03
-4.378787634259279912e+03
-4.378972610077259560e+03
-4.378972610077259560e+03
-4.378972610077259560e+03
-4.378995396420809811e+03
-4.379035653845169691e+03
-4.379035653845169691e+03
-4.379035653845169691e+03
-4.379035653845169691e+03
-4.378864363318860342e+03
-4.378915642844510330e+03
-4.378937458428309583e+03
-4.378937458428309583e+03
-4.378937458428309583e+03
-4.378937458428309583e+03
-4.378937458428309583e+03
-4.379009842387769822e+03
-4.379009842387769822e+03
-4.378981928045510358e+03
-4.378981928045510358e+03
-4.378981928045510358e+03
-4.378981928045510358e+03
-4.379064828036989638e+03
-4.379064828036989638e+03
-4.379064828036989638e+03
-4.379064828036989638e+03
-4.379064828036989638e+03
-4.379064828036989638e+03
-4.379064828036989638e+03
-4.379064828036989638e+03
-4.379064828036989638e+03
-4.378962944860970310e+03
-4.378962944860970310e+03
-4.378962944860970310e+03
-4.378962944860970310e+03
-4.378938342033439767e+03
-4.379050700111630249e+03
-4.379050700111630249e+03
-4.379050700111630249e+03
-4.379105488184840397e+03
-4.379143974491060362e+03
-4.379143974491060362e+03
-4.379143974491060362e+03
-4.379200947617529891e+03
-4.379200947617529891e+03
-4.379200947617529891e+03
-4.379268682488799641e+03
-4.379365434856849788e+03
-4.379365434856849788e+03
-4.379365434856849788e+03
-4.379294618951779739e+03
-4.379294618951779739e+03
-4.379188957767270040e+03
-4.379194868306660283e+03
-4.379194868306660283e+03
-4.379119063492549685e+03
-4.379119063492549685e+03
-4.379119063492549685e+03
-4.379119063492549685e+03
-4.379347389950589786e+03
-4.379347389950589786e+03
-4.379347389950589786e+03
-4.379257637612489816e+03
-4.379124562149449957e+03
-4.378923549105010352e+03
-4.378923549105010352e+03
-4.378923549105010352e+03
-4.378757900638500359e+03
-4.378725288434799950e+03
-4.378788022831929993e+03
-4.378788022831929993e+03
-4.378788022831929993e+03
-4.378788022831929993e+03
-4.378695679053599633e+03
-4.378585828767650128e+03
-4.378585828767650128e+03
-4.378665162608330320e+03
-4.378621852756909902e+03
-4.378621852756909902e+03
-4.378621852756909902e+03
-4.378549119040760161e+03
-4.378549119040760161e+03
-4.378549119040760161e+03
-4.378639157486049953e+03
-4.378496404136330057e+03
-4.378542992919209610e+03
-4.378542992919209610e+03
-4.378542992919209610e+03
-4.378542992919209610e+03
-4.378542992919209610e+03
-4.378723696627579557e+03
-4.378612727803950293e+03
-4.378612727803950293e+03
-4.378612727803950293e+03
-4.378612727803950293e+03
-4.378612727803950293e+03
-4.378717583266799920e+03
-4.378739437239390099e+03
-4.378739437239390099e+03
-4.378739437239390099e+03
-4.378739437239390099e+03
-4.378739437239390099e+03
-4.378746686463089645e+03
-4.378746686463089645e+03
-4.378746686463089645e+03
-4.378830913659819998e+03
-4.378830913659819998e+03
-4.378830913659819998e+03
-4.378830913659819998e+03
-4.378830913659819998e+03
-4.378830913659819998e+03
-4.378830913659819998e+03
-4.378830913659819998e+03
-4.378830913659819998e+03
-4.378830913659819998e+03
-4.378803056843090417e+03
-4.378803056843090417e+03
-4.378803056843090417e+03
-4.378904884616379604e+03
-4.378904884616379604e+03
-4.378971845657260019e+03
-4.378971845657260019e+03
-4.378971845657260019e+03
-4.378979597560260117e+03
-4.378979597560260117e+03
-4.378849770915049703e+03
-4.378695201682179686e+03
-4.378695201682179686e+03
-4.378695201682179686e+03
-4.378768293045470273e+03
-4.378768293045470273e+03
-4.378768293045470273e+03
-4.378763208586269684e+03
-4.378823902924040340e+03
-4.378823902924040340e+03
-4.378801386087299761e+03
-4.378801386087299761e+03
-4.378801386087299761e+03
-4.378504602075399816e+03
-4.378504602075399816e+03
-4.378647972785710408e+03
-4.378647972785710408e+03
-4.378794109063070209e+03
-4.378793420809350209e+03
-4.378793420809350209e+03
-4.378793420809350209e+03
-4.378719894245699834e+03
-4.378719894245699834e+03
-4.378719894245699834e+03
-4.378719894245699834e+03
-4.378719894245699834e+03
-4.378755535541689824e+03
-4.378755535541689824e+03
-4.378755535541689824e+03
-4.378967743537030401e+03
-4.378867409348809815e+03
-4.378867409348809815e+03
-4.378867409348809815e+03
-4.378867409348809815e+03
-4.378811745395209982e+03
-4.378658781632880164e+03
-4.378880091594280202e+03
-4.378709980064640149e+03
-4.378709980064640149e+03
-4.378709980064640149e+03
-4.378593085088829866e+03
-4.378632238324489663e+03
-4.378617276120950009e+03
-4.378617276120950009e+03
-4.378617276120950009e+03
-4.378581811659019877e+03
-4.378581811659019877e+03
-4.378553091142230187e+03
-4.378224076796969712e+03
-4.378213919313549923e+03
-4.378241162622430238e+03
-4.378241162622430238e+03
-4.378248128149450167e+03
-4.378248128149450167e+03
-4.378248128149450167e+03
-4.378248128149450167e+03
-4.378388688376409846e+03
-4.378388688376409846e+03
-4.378388688376409846e+03
-4.378423211315809567e+03
-4.378423211315809567e+03
-4.378479516315180263e+03
-4.378404434339830004e+03
-4.378303499008059589e+03
-4.378249805329070114e+03
-4.378249805329070114e+03
-4.378249805329070114e+03
-4.378249805329070114e+03
-4.378249805329070114e+03
-4.378263116594400344e+03
-4.378263116594400344e+03
-4.378106843909209601e+03
-4.378106843909209601e+03
-4.378106843909209601e+03
-4.378106843909209601e+03
-4.378106843909209601e+03
-4.378120935995239961e+03
-4.378120935995239961e+03
-4.378120935995239961e+03
-4.378120935995239961e+03
-4.378120935995239961e+03
-4.378120935995239961e+03
-4.378120935995239961e+03
-4.378190291620810058e+03
-4.378190291620810058e+03
-4.378190291620810058e+03
-4.378190291620810058e+03
-4.378190291620810058e+03
-4.378190291620810058e+03
-4.378190291620810058e+03
-4.378190291620810058e+03
-4.378190291620810058e+03
-4.378190291620810058e+03
-4.378486454968459839e+03
-4.378380641063519761e+03
-4.378380641063519761e+03
-4.378380641063519761e+03
-4.378384433029060347e+03
-4.378384433029060347e+03
-4.378381483294810096e+03
-4.378381483294810096e+03
-4.378228384787030336e+03
-4.378228384787030336e+03
-4.378228384787030336e+03
-4.378129188617320324e+03
-4.378199933824779691e+03
-4.378199933824779691e+03
-4.377912882856669967e+03
-4.377912882856669967e+03
-4.377912882856669967e+03
-4.377912882856669967e+03
-4.377912882856669967e+03
-4.377821271371220064e+03
-4.377821271371220064e+03
-4.377918011190959987e+03
-4.377918011190959987e+03
-4.377964307468079824e+03
-4.377964307468079824e+03
-4.377722546678490289e+03
-4.377722546678490289e+03
-4.377722546678490289e+03
-4.377722546678490289e+03
-4.377789199379290039e+03
-4.377789199379290039e+03
-4.377851068850120100e+03
-4.377851068850120100e+03
-4.377860473266830013e+03
-4.377859542516759575e+03
-4.378068870097589752e+03
-4.378068870097589752e+03
-4.378068870097589752e+03
-4.378068870097589752e+03
-4.378068870097589752e+03
-4.378068870097589752e+03
-4.378068870097589752e+03
-4.378068870097589752e+03
-4.378068870097589752e+03
-4.378068870097589752e+03
-4.377974658673860176e+03
-4.377974658673860176e+03
-4.377852700873369940e+03
-4.377866073520300233e+03
-4.378048706587939705e+03
-4.378048706587939705e+03
-4.378134666656020272e+03
-4.378111720881750443e+03
-4.378106330590079779e+03
-4.378106330590079779e+03
-4.378106330590079779e+03
-4.378106330590079779e+03
-4.378106330590079779e+03
-4.378106330590079779e+03
-4.378106330590079779e+03
-4.378106330590079779e+03
-4.378106330590079779e+03
-4.378106330590079779e+03
-4.378106330590079779e+03
-4.378106330590079779e+03
-4.378178176517470092e+03
-4.378232227488419994e+03
-4.377993362054649879e+03
-4.377993362054649879e+03
-4.377993362054649879e+03
-4.378087060553019910e+03
-4.378036331639499622e+03
-4.378036331639499622e+03
-4.378075448533660165e+03
-4.378075448533660165e+03
-4.378075448533660165e+03
-4.378192633903359820e+03
-4.378189251916979629e+03
-4.378190723330059882e+03
-4.378190723330059882e+03
-4.378190723330059882e+03
-4.378190723330059882e+03
-4.378190723330059882e+03
-4.378190723330059882e+03
-4.378190723330059882e+03
-4.378190723330059882e+03
-4.378190723330059882e+03
-4.378190723330059882e+03
-4.378190723330059882e+03
-4.378190723330059882e+03
-4.378190723330059882e+03
-4.378190723330059882e+03
-4.378135885635810155e+03
-4.378135885635810155e+03
-4.378135885635810155e+03
-4.378135885635810155e+03
-4.378238032666299659e+03
-4.378238032666299659e+03
-4.378238032666299659e+03
-4.378238032666299659e+03
-4.378460170111659863e+03
-4.378714217608479885e+03
-4.378429892407920306e+03
-4.378429892407920306e+03
-4.378460955561359697e+03
-4.378420970212459906e+03
-4.378420970212459906e+03
-4.378361263153219625e+03
-4.378361263153219625e+03
-4.378409609711709891e+03
-4.378472995204459949e+03
-4.378472995204459949e+03
-4.378472995204459949e+03
-4.378472995204459949e+03
-4.378576191574129552e+03
-4.378576191574129552e+03
-4.378244400106090325e+03
-4.378244400106090325e+03
-4.378085098881369959e+03
-4.378085098881369959e+03
-4.378085098881369959e+03
-4.378085098881369959e+03
-4.378085098881369959e+03
-4.378168517400000383e+03
-4.378168517400000383e+03
-4.378178486993009756e+03
-4.378135553970560068e+03
-4.378135553970560068e+03
-4.378288067045080425e+03
-4.378321089401390054e+03
-4.378112805176389884e+03
-4.378112805176389884e+03
-4.378128534054159900e+03
-4.378128534054159900e+03
-4.378128534054159900e+03
-4.378128534054159900e+03
-4.378178570902799947e+03
-4.378056038665729830e+03
-4.378027968443790087e+03
-4.378027968443790087e+03
-4.378023030272490359e+03
-4.378023030272490359e+03
-4.378023030272490359e+03
-4.378023030272490359e+03
-4.377979433345640246e+03
-4.378016461326859826e+03
-4.378016461326859826e+03
-4.378253959961280088e+03
-4.378253959961280088e+03
-4.378185261822969551e+03
-4.378185261822969551e+03
-4.378267019210179569e+03
-4.378231442936130406e+03
-4.378231442936130406e+03
-4.378231442936130406e+03
-4.378234142682230413e+03
-4.378362028523290064e+03
-4.378362028523290064e+03
-4.378362028523290064e+03
-4.378362028523290064e+03
-4.378362028523290064e+03
-4.378362028523290064e+03
-4.378362028523290064e+03
-4.378362028523290064e+03
-4.378329921206730432e+03
-4.378328454023369886e+03
-4.378328454023369886e+03
-4.378146263179210109e+03
-4.378119337400869881e+03
-4.378213062378170434e+03
-4.378213062378170434e+03
-4.378347868081809793e+03
-4.378347868081809793e+03
-4.378347868081809793e+03
-4.378347868081809793e+03
-4.378179014431610085e+03
-4.378048634621180099e+03
-4.378048634621180099e+03
-4.378048634621180099e+03
-4.378048634621180099e+03
-4.378048634621180099e+03
-4.378042992912969567e+03
-4.378059039003669568e+03
-4.378059039003669568e+03
-4.378024620612740364e+03
-4.378123288164059886e+03
-4.378123288164059886e+03
-4.378123288164059886e+03
-4.378024910625589655e+03
-4.378024910625589655e+03
-4.378024910625589655e+03
-4.378039155756870059e+03
-4.378039155756870059e+03
-4.378039155756870059e+03
-4.378039155756870059e+03
-4.378039155756870059e+03
-4.378039155756870059e+03
-4.378046998464659737e+03
-4.378046998464659737e+03
-4.378050369856069665e+03
-4.378050369856069665e+03
-4.378050369856069665e+03
-4.378050369856069665e+03
-4.378050369856069665e+03
-4.378050369856069665e+03
-4.378050369856069665e+03
-4.378050369856069665e+03
-4.377709049281779699e+03
-4.377709049281779699e+03
-4.377709049281779699e+03
-4.377709049281779699e+03
-4.377850155643300241e+03
-4.377762863547570305e+03
-4.377741985362769810e+03
-4.377741985362769810e+03
-4.377607456180389818e+03
-4.377607456180389818e+03
-4.377607456180389818e+03
-4.377476632843199695e+03
-4.377476632843199695e+03
-4.377442466512789906e+03
-4.377442466512789906e+03
-4.377442466512789906e+03
-4.377592076028619886e+03
-4.377592076028619886e+03
-4.377554896990889574e+03
-4.377499755733910206e+03
-4.377522029514339920e+03
-4.377522029514339920e+03
-4.377502635484600432e+03
-4.377530211973169571e+03
-4.377530211973169571e+03
-4.377530211973169571e+03
-4.377530211973169571e+03
-4.377530211973169571e+03
-4.377530211973169571e+03
-4.377540245229460197e+03
-4.377540245229460197e+03
-4.377476234102789931e+03
-4.377724464068110137e+03
-4.377693696698450367e+03
-4.377693696698450367e+03
-4.377598540398929799e+03
-4.377598540398929799e+03
-4.377598540398929799e+03
-4.377598540398929799e+03
-4.377598540398929799e+03
-4.377355999721029548e+03
-4.377433794608669814e+03
-4.377433794608669814e+03
-4.377433794608669814e+03
-4.377433794608669814e+03
-4.377600823063469761e+03
-4.377600823063469761e+03
-4.377600823063469761e+03
-4.377436115890040128e+03
-4.377529625637649588e+03
-4.377432197069530048e+03
-4.377432197069530048e+03
-4.377432197069530048e+03
-4.377502767890719952e+03
-4.377502767890719952e+03
-4.377502767890719952e+03
-4.377502767890719952e+03
-4.377502767890719952e+03
-4.377502767890719952e+03
-4.377535665098230311e+03
-4.377406742154579661e+03
-4.377406742154579661e+03
-4.377406742154579661e+03
-4.377406742154579661e+03
-4.377406742154579661e+03
-4.377478165217829883e+03
-4.377478165217829883e+03
-4.377478165217829883e+03
-4.377478165217829883e+03
-4.377478165217829883e+03
-4.377432362501809621e+03
-4.377432362501809621e+03
-4.377601577473799807e+03
-4.377601577473799807e+03
-4.377601577473799807e+03
-4.377430112135950367e+03
-4.377369068952039925e+03
-4.377369068952039925e+03
-4.377213041836539560e+03
-4.377213041836539560e+03
-4.377213041836539560e+03
-4.377255756658079918e+03
-4.377245513382729769e+03
-4.377432362053399629e+03
-4.377432362053399629e+03
-4.377331326289119716e+03
-4.377331326289119716e+03
-4.377472530456059758e+03
-4.377472530456059758e+03
-4.377472530456059758e+03
-4.377472530456059758e+03
-4.377472530456059758e+03
-4.377396232455949757e+03
-4.377217904425539928e+03
-4.377217904425539928e+03
-4.377270505405300355e+03
-4.377252483478239810e+03
-4.377252483478239810e+03
-4.377252483478239810e+03
-4.377252483478239810e+03
-4.377252483478239810e+03
-4.377184510362119909e+03
-4.377110575405909913e+03
-4.377110575405909913e+03
-4.377110575405909913e+03
-4.377335583530229997e+03
-4.377318651166279778e+03
-4.377223117221839857e+03
-4.377223117221839857e+03
-4.377223117221839857e+03
-4.377140844095680222e+03
-4.377140844095680222e+03
-4.377140844095680222e+03
-4.377140844095680222e+03
-4.377140844095680222e+03
-4.377268939561029583e+03
-4.377268939561029583e+03
-4.377332986735909799e+03
-4.377332986735909799e+03
-4.377332986735909799e+03
-4.377332986735909799e+03
-4.377332986735909799e+03
-4.377385004324800320e+03
-4.377245520381019560e+03
-4.377189258109269758e+03
-4.377025294242050222e+03
-4.377025294242050222e+03
-4.377025294242050222e+03
-4.377025294242050222e+03
-4.377030594925950027e+03
-4.377030594925950027e+03
-4.376954270432130215e+03
-4.376954270432130215e+03
-4.376954270432130215e+03
-4.376954270432130215e+03
-4.376954270432130215e+03
-4383.99011734865
