-4.367665253629140352e+03
-4.367665253629140352e+03
-4.367665253629140352e+03
-4.367698921183279708e+03
-4.367698921183279708e+03
-4.367617574033080018e+03
-4.367617574033080018e+03
-4.367617574033080018e+03
-4.367617574033080018e+03
-4.367617574033080018e+03
-4.367617574033080018e+03
-4.367617574033080018e+03
-4.367617574033080018e+03
-4.367683369600459628e+03
-4.367670066228340147e+03
-4.367855570900220300e+03
-4.367972548760119935e+03
-4.367972548760119935e+03
-4.368022682488270220e+03
-4.368022682488270220e+03
-4.367894661542040012e+03
-4.367894661542040012e+03
-4.368012718623729597e+03
-4.368072731487570309e+03
-4.368006286695030212e+03
-4.368092990717489556e+03
-4.368092990717489556e+03
-4.368092990717489556e+03
-4.368260436069559546e+03
-4.368260436069559546e+03
-4.368126859649340076e+03
-4.368337042934200326e+03
-4.368337042934200326e+03
-4.368337042934200326e+03
-4.368496244824979840e+03
-4.368743073897940121e+03
-4.368743073897940121e+03
-4.368724511919260294e+03
-4.368724511919260294e+03
-4.368724511919260294e+03
-4.368800790090480405e+03
-4.368863736875789982e+03
-4.369040858687109903e+03
-4.369167197646130262e+03
-4.369338320442810073e+03
-4.369429624739809697e+03
-4.369429624739809697e+03
-4.369542936418230056e+03
-4.369531232882270160e+03
-4.369528357089780002e+03
-4.369528357089780002e+03
-4.369658401223309738e+03
-4.369658401223309738e+03
-4.369612948674440304e+03
-4.369596930541760230e+03
-4.369406574236970300e+03
-4.369422935239659637e+03
-4.369422935239659637e+03
-4.369422935239659637e+03
-4.369497348502780369e+03
-4.369497348502780369e+03
-4.369497348502780369e+03
-4.369497348502780369e+03
-4.369497348502780369e+03
-4.369814683073210290e+03
-4.369814683073210290e+03
-4.369814683073210290e+03
-4.369814683073210290e+03
-4.369814683073210290e+03
-4.369777463111459838e+03
-4.369777463111459838e+03
-4.369764319388819786e+03
-4.369764319388819786e+03
-4.369658149986679746e+03
-4.369658149986679746e+03
-4.369674867431749590e+03
-4.369800447988869564e+03
-4.369800447988869564e+03
-4.369772048175060263e+03
-4.369772048175060263e+03
-4.369772048175060263e+03
-4.369894791007560343e+03
-4.369910523633810044e+03
-4.369716757308679917e+03
-4.369845622335929875e+03
-4.369731604180359682e+03
-4.369756766753090233e+03
-4.369756766753090233e+03
-4.369823601422729553e+03
-4.370029559889600023e+03
-4.370203687943670047e+03
-4.370203687943670047e+03
-4.370203687943670047e+03
-4.370222666864839994e+03
-4.370278899841769999e+03
-4.370401424235259583e+03
-4.370401424235259583e+03
-4.370537958029720357e+03
-4.370827919391839714e+03
-4.370693839051209579e+03
-4.370693839051209579e+03
-4.370640101905039955e+03
-4.370640101905039955e+03
-4.370424028087840270e+03
-4.370424028087840270e+03
-4.370538386798330066e+03
-4.370751665862259870e+03
-4.370751665862259870e+03
-4.370751665862259870e+03
-4.370780146796910230e+03
-4.370683367401339638e+03
-4.370683367401339638e+03
-4.370699652686889749e+03
-4.370631210132080014e+03
-4.370631210132080014e+03
-4.370762650197690164e+03
-4.370893122132109966e+03
-4.370850120514290211e+03
-4.370850120514290211e+03
-4.370854241670649571e+03
-4.370854241670649571e+03
-4.370916242106000027e+03
-4.370859091171249929e+03
-4.370859091171249929e+03
-4.370946510139489874e+03
-4.370946510139489874e+03
-4.370923462813510014e+03
-4.370923462813510014e+03
-4.370983379103539846e+03
-4.370983614842440147e+03
-4.370983614842440147e+03
-4.370983614842440147e+03
-4.370983614842440147e+03
-4.370983614842440147e+03
-4.370983614842440147e+03
-4.371013810061440381e+03
-4.371013810061440381e+03
-4.371013810061440381e+03
-4.371013810061440381e+03
-4.371013810061440381e+03
-4.371013810061440381e+03
-4.371013810061440381e+03
-4.371013810061440381e+03
-4.370921590307410042e+03
-4.370721841663499617e+03
-4.370721841663499617e+03
-4.370721841663499617e+03
-4.370443178031039679e+03
-4.370575446062230185e+03
-4.370595092046710306e+03
-4.370703324914829864e+03
-4.370703324914829864e+03
-4.370792750259160130e+03
-4.370792750259160130e+03
-4.370792750259160130e+03
-4.370792750259160130e+03
-4.370933902590089929e+03
-4.370933902590089929e+03
-4.371360140950640016e+03
-4.371360140950640016e+03
-4.371360140950640016e+03
-4.371360140950640016e+03
-4.371408126036169961e+03
-4.371176635115790305e+03
-4.371122830120680192e+03
-4.371122830120680192e+03
-4.371122830120680192e+03
-4.371122830120680192e+03
-4.371184835319810190e+03
-4.371184835319810190e+03
-4.371279621371940266e+03
-4.371439181087070210e+03
-4.371388065287370409e+03
-4.371388065287370409e+03
-4.371388065287370409e+03
-4.371579140118409669e+03
-4.371582611467480092e+03
-4.371657506943070075e+03
-4.371657506943070075e+03
-4.371654812483309797e+03
-4.371654812483309797e+03
-4.371654812483309797e+03
-4.371654812483309797e+03
-4.371533925423529581e+03
-4.371533925423529581e+03
-4.371587692475010044e+03
-4.371780428481830313e+03
-4.371760938483709651e+03
-4.371757690016220295e+03
-4.371765070100240337e+03
-4.371806842836789656e+03
-4.371832556061650394e+03
-4.371802579653919565e+03
-4.371802579653919565e+03
-4.371672890055599964e+03
-4.371553955279799993e+03
-4.371500675329220030e+03
-4.371500675329220030e+03
-4.371653217102650160e+03
-4.371653217102650160e+03
-4.371899433223229607e+03
-4.371979614120070437e+03
-4.371979614120070437e+03
-4.371979614120070437e+03
-4.372126105952789658e+03
-4.372156084742079656e+03
-4.372340740896040188e+03
-4.372341672678129726e+03
-4.372153265226869735e+03
-4.372076429919019574e+03
-4.372076429919019574e+03
-4.372111010383729990e+03
-4.372111010383729990e+03
-4.372111010383729990e+03
-4.372095822862949717e+03
-4.372189875577710154e+03
-4.372189875577710154e+03
-4.372303427822919730e+03
-4.372303427822919730e+03
-4.372189916187239760e+03
-4.372189916187239760e+03
-4.372189916187239760e+03
-4.372372230408789619e+03
-4.372476495980849904e+03
-4.372680739545459801e+03
-4.372721020376709930e+03
-4.372734522371760249e+03
-4.372734522371760249e+03
-4.372734522371760249e+03
-4.372788506774990310e+03
-4.372848989809699560e+03
-4.372795167898880209e+03
-4.372568804860849923e+03
-4.372714505264660147e+03
-4.372610648486649552e+03
-4.372610648486649552e+03
-4.372641953586239651e+03
-4.372641953586239651e+03
-4.372641953586239651e+03
-4.372977127158350413e+03
-4.372977127158350413e+03
-4.372935160924240336e+03
-4.372935160924240336e+03
-4.372767393753329998e+03
-4.372767393753329998e+03
-4.372728105940460409e+03
-4.372560367861819941e+03
-4.372560367861819941e+03
-4.372560367861819941e+03
-4.372560367861819941e+03
-4.372560367861819941e+03
-4.372546831533460136e+03
-4.372589932254119958e+03
-4.372589932254119958e+03
-4.372589932254119958e+03
-4.372442847622870431e+03
-4.372442847622870431e+03
-4.372389867836789563e+03
-4.372356269324999630e+03
-4.372234602943560276e+03
-4.372411736461130204e+03
-4.372564565807940198e+03
-4.372665579495589554e+03
-4.372665579495589554e+03
-4.372586851614690204e+03
-4.372586851614690204e+03
-4.372586851614690204e+03
-4.372561152785810009e+03
-4.372561152785810009e+03
-4.372561152785810009e+03
-4.372561152785810009e+03
-4.372561152785810009e+03
-4.372561152785810009e+03
-4.372561152785810009e+03
-4.372561152785810009e+03
-4.372774893097520362e+03
-4.372774893097520362e+03
-4.372735100949070329e+03
-4.372735100949070329e+03
-4.372802140855609650e+03
-4.373057661227830067e+03
-4.373223884593209732e+03
-4.373223884593209732e+03
-4.373160899611510104e+03
-4.373260155559560189e+03
-4.373260155559560189e+03
-4.373260155559560189e+03
-4.373260155559560189e+03
-4.373260155559560189e+03
-4.373260155559560189e+03
-4.373238736727599644e+03
-4.373417215437169943e+03
-4.373504975709090104e+03
-4.373495118306639597e+03
-4.373570538124509767e+03
-4.373585485136700299e+03
-4.373588924561489875e+03
-4.373736481409469889e+03
-4.373748720101149956e+03
-4.373748720101149956e+03
-4.373748720101149956e+03
-4.373748720101149956e+03
-4.373748720101149956e+03
-4.373748720101149956e+03
-4.373912466215039785e+03
-4.373912466215039785e+03
-4.373874375589600277e+03
-4.373714357313579967e+03
-4.373714357313579967e+03
-4.373830376925499877e+03
-4.373774750339310231e+03
-4.373774750339310231e+03
-4.373774750339310231e+03
-4.373774750339310231e+03
-4.373711320496689950e+03
-4.373711320496689950e+03
-4.373728221093580032e+03
-4.373665307134229806e+03
-4.373665307134229806e+03
-4.373665307134229806e+03
-4.373596606286960196e+03
-4.373810663652609946e+03
-4.373830979234059669e+03
-4.373830979234059669e+03
-4.373830979234059669e+03
-4.374013403027110144e+03
-4.374013403027110144e+03
-4.374013403027110144e+03
-4.374016525248270227e+03
-4.374046121591700285e+03
-4.373925549542140288e+03
-4.373925549542140288e+03
-4.373925549542140288e+03
-4.373925549542140288e+03
-4.373925549542140288e+03
-4.373925549542140288e+03
-4.373870919310080353e+03
-4.373986510346990144e+03
-4.373986510346990144e+03
-4.373986510346990144e+03
-4.374282282435709931e+03
-4.374282282435709931e+03
-4.374407098776269777e+03
-4.374407098776269777e+03
-4.374421564029050387e+03
-4.374421564029050387e+03
-4.374416116933060039e+03
-4.374416116933060039e+03
-4.374298901392900007e+03
-4.374298901392900007e+03
-4.374298901392900007e+03
-4.374298901392900007e+03
-4.374298901392900007e+03
-4.374303952743290210e+03
-4.374303952743290210e+03
-4.374303952743290210e+03
-4.374322614306740434e+03
-4.374322614306740434e+03
-4.374312342986539988e+03
-4.374312342986539988e+03
-4.374312342986539988e+03
-4.374346283546869927e+03
-4.374346283546869927e+03
-4.374549435388230449e+03
-4.374467011697230191e+03
-4.374467011697230191e+03
-4.374467011697230191e+03
-4.374467011697230191e+03
-4.374467011697230191e+03
-4.374467011697230191e+03
-4.374467011697230191e+03
-4.374706338583780052e+03
-4.374660066385969913e+03
-4.374887271958100428e+03
-4.374902773133329902e+03
-4.374902773133329902e+03
-4.374902773133329902e+03
-4.374902773133329902e+03
-4.374908007203909619e+03
-4.375005963541930214e+03
-4.374937581355980001e+03
-4.374937581355980001e+03
-4.374937581355980001e+03
-4.374924016235630006e+03
-4.374887010950909826e+03
-4.374979538659279569e+03
-4.374998848113359600e+03
-4.374998848113359600e+03
-4.374998848113359600e+03
-4.374998848113359600e+03
-4.374994990826239700e+03
-4.374982484562950049e+03
-4.374982484562950049e+03
-4.374997333057320247e+03
-4.375091259881400219e+03
-4.375091259881400219e+03
-4.375091259881400219e+03
-4.375285801016560072e+03
-4.375285801016560072e+03
-4.375210396079790371e+03
-4.375210396079790371e+03
-4.375210396079790371e+03
-4.375210396079790371e+03
-4.375210396079790371e+03
-4.375210396079790371e+03
-4.375210396079790371e+03
-4.375447764605580232e+03
-4.375552470111710136e+03
-4.375505974592369967e+03
-4.375465742165430129e+03
-4.375346156806999716e+03
-4.375346156806999716e+03
-4.375346156806999716e+03
-4.375227794539880051e+03
-4.375227794539880051e+03
-4.375322388865330140e+03
-4.375322388865330140e+03
-4.375322388865330140e+03
-4.375309888715370107e+03
-4.375309888715370107e+03
-4.375309888715370107e+03
-4.375309888715370107e+03
-4.375309888715370107e+03
-4.375369549668000218e+03
-4.375369549668000218e+03
-4.375369549668000218e+03
-4.375369549668000218e+03
-4.375369549668000218e+03
-4.375369549668000218e+03
-4.375464562676849710e+03
-4.375464562676849710e+03
-4.375534875542170084e+03
-4.375534875542170084e+03
-4.375534534995489594e+03
-4.375534534995489594e+03
-4.375534534995489594e+03
-4.375534534995489594e+03
-4.375578531058729823e+03
-4.375578531058729823e+03
-4.375792714021010397e+03
-4.375792714021010397e+03
-4.375744476006119839e+03
-4.375744476006119839e+03
-4.375744476006119839e+03
-4.375861927139069849e+03
-4.375870484176470200e+03
-4.375870484176470200e+03
-4.375870484176470200e+03
-4.376076994513419777e+03
-4.376076994513419777e+03
-4.376076994513419777e+03
-4.376174338831189743e+03
-4.376104790619770029e+03
-4.376104790619770029e+03
-4.376104790619770029e+03
-4.376104790619770029e+03
-4.376104790619770029e+03
-4.376046381569830373e+03
-4.376046381569830373e+03
-4.375985326223550146e+03
-4.375872174191779777e+03
-4.375872174191779777e+03
-4.375907420103420009e+03
-4.375907420103420009e+03
-4.375937329006499567e+03
-4.375937329006499567e+03
-4.375937329006499567e+03
-4.375937329006499567e+03
-4.375937329006499567e+03
-4.375937329006499567e+03
-4.375937329006499567e+03
-4.375937329006499567e+03
-4.375997612133310213e+03
-4.375942003968139943e+03
-4.375915096703760355e+03
-4.375915096703760355e+03
-4.375860618216939656e+03
-4.375860618216939656e+03
-4.375860618216939656e+03
-4.375860618216939656e+03
-4.375650739953540324e+03
-4.375650739953540324e+03
-4.375715366489530425e+03
-4.375715366489530425e+03
-4.375715366489530425e+03
-4.375658663440110104e+03
-4.375600789224759865e+03
-4.375600789224759865e+03
-4.375601671490890112e+03
-4.375494476045910233e+03
-4.375397363007609783e+03
-4.375350115076519614e+03
-4.375219974775290211e+03
-4.375219974775290211e+03
-4.375271717473589888e+03
-4.375271717473589888e+03
-4.375252368911010308e+03
-4.375421152137059835e+03
-4.375310899625929778e+03
-4.375332337856249978e+03
-4.375108103581709656e+03
-4.375108103581709656e+03
-4.375108103581709656e+03
-4.375108103581709656e+03
-4.375108103581709656e+03
-4.375108103581709656e+03
-4.375108103581709656e+03
-4.375108103581709656e+03
-4.375077141408670286e+03
-4.375077141408670286e+03
-4.375062670926349710e+03
-4.375062670926349710e+03
-4.374876328347209892e+03
-4.374897505283290229e+03
-4.375089524336979593e+03
-4.375107589783129697e+03
-4.375107589783129697e+03
-4.375119680623310160e+03
-4.375119680623310160e+03
-4.375147293846929642e+03
-4.375123023566349730e+03
-4.374999954244220135e+03
-4.374999954244220135e+03
-4.374999954244220135e+03
-4.374999954244220135e+03
-4.375032423482840386e+03
-4.375032423482840386e+03
-4.375032423482840386e+03
-4.375032423482840386e+03
-4.375012465848119973e+03
-4.374938828168619693e+03
-4.374938828168619693e+03
-4.375065579993690335e+03
-4.375065579993690335e+03
-4.375064599086320413e+03
-4.375050541555019663e+03
-4.375050541555019663e+03
-4.375050541555019663e+03
-4.375258549751910323e+03
-4.375225445852350276e+03
-4.375225445852350276e+03
-4.375225445852350276e+03
-4.375225445852350276e+03
-4.375225445852350276e+03
-4.375233541532879826e+03
-4.375239605136670434e+03
-4.375266119713110129e+03
-4.375266119713110129e+03
-4.375258470024509734e+03
-4.375258470024509734e+03
-4.375258470024509734e+03
-4.375258470024509734e+03
-4.375258470024509734e+03
-4.375258470024509734e+03
-4.375258470024509734e+03
-4.375258470024509734e+03
-4.375258470024509734e+03
-4.375307625662620012e+03
-4.375217142832560057e+03
-4.375217142832560057e+03
-4.375178114706800443e+03
-4.375288166750439814e+03
-4.375288166750439814e+03
-4.375288166750439814e+03
-4.375288166750439814e+03
-4.375288166750439814e+03
-4.375288166750439814e+03
-4.375359090022930104e+03
-4.375359090022930104e+03
-4.375359090022930104e+03
-4.375359090022930104e+03
-4.375417887913080449e+03
-4.375417887913080449e+03
-4.375417887913080449e+03
-4.375361209463790146e+03
-4.375361209463790146e+03
-4.375396484233229785e+03
-4.375396484233229785e+03
-4.375585713255300107e+03
-4.375585713255300107e+03
-4.375585713255300107e+03
-4.375585713255300107e+03
-4.375585713255300107e+03
-4.375614175941110261e+03
-4.375738305579549888e+03
-4.376043838535440045e+03
-4.375924010457400072e+03
-4.375975694607779587e+03
-4.375975694607779587e+03
-4.375975694607779587e+03
-4.375975694607779587e+03
-4.375977287673909814e+03
-4.375977287673909814e+03
-4.375953320502750103e+03
-4.375953320502750103e+03
-4.375953320502750103e+03
-4.375953320502750103e+03
-4.375953320502750103e+03
-4.376160438036329651e+03
-4.376160438036329651e+03
-4.376160438036329651e+03
-4.376160438036329651e+03
-4.376160438036329651e+03
-4.376277954239320024e+03
-4.376277954239320024e+03
-4.376384624299899770e+03
-4.376384624299899770e+03
-4.376384317248140178e+03
-4.376384317248140178e+03
-4.376560965719369960e+03
-4.376550507457210188e+03
-4.376550507457210188e+03
-4.376550507457210188e+03
-4.376550507457210188e+03
-4.376628141886950289e+03
-4.376628141886950289e+03
-4.376639790214820096e+03
-4.376639790214820096e+03
-4.376639790214820096e+03
-4.376639790214820096e+03
-4.376639790214820096e+03
-4.376639790214820096e+03
-4.376711331299849917e+03
-4.376711331299849917e+03
-4.376900421124069908e+03
-4.376900421124069908e+03
-4.376900421124069908e+03
-4.377008241631960118e+03
-4.377008241631960118e+03
-4.377008241631960118e+03
-4.377008241631960118e+03
-4.377008241631960118e+03
-4.376994050263319878e+03
-4.376932969351360043e+03
-4.376943551022580323e+03
-4.376943551022580323e+03
-4.376943551022580323e+03
-4.377110609865399965e+03
-4.377157020233020376e+03
-4.377083695769980295e+03
-4.377083695769980295e+03
-4.377083695769980295e+03
-4.377083695769980295e+03
-4.377083695769980295e+03
-4.376984727366780135e+03
-4.376835813992600379e+03
-4.376835813992600379e+03
-4.376789711406079732e+03
-4.376677284436370428e+03
-4.376677284436370428e+03
-4.376751467866500207e+03
-4.376751467866500207e+03
-4.376906052689259923e+03
-4.376906052689259923e+03
-4.376906052689259923e+03
-4.376906052689259923e+03
-4.376906052689259923e+03
-4.376906052689259923e+03
-4.376906052689259923e+03
-4.376795458936659998e+03
-4.376795458936659998e+03
-4.376795369555739853e+03
-4.376795369555739853e+03
-4.376725896741730139e+03
-4.376600583460110101e+03
-4.376600583460110101e+03
-4.376600583460110101e+03
-4.376721684838349574e+03
-4.376706398373959928e+03
-4.376706398373959928e+03
-4.376706398373959928e+03
-4.376706398373959928e+03
-4.376600484588670042e+03
-4.376600484588670042e+03
-4.376600484588670042e+03
-4.376600484588670042e+03
-4.376540847058739928e+03
-4.376540847058739928e+03
-4.376540847058739928e+03
-4.376540847058739928e+03
-4.376540847058739928e+03
-4.376545753126890304e+03
-4.376545753126890304e+03
-4.376573345523370335e+03
-4.376927189252820426e+03
-4.376927189252820426e+03
-4.376873084832729546e+03
-4.376873084832729546e+03
-4.376836221066059807e+03
-4.376779556798230260e+03
-4.376778156540580312e+03
-4.376769466611270218e+03
-4.376900683984359603e+03
-4.376900683984359603e+03
-4.376930828092030424e+03
-4.376930828092030424e+03
-4.376703092411379657e+03
-4.376703092411379657e+03
-4.376703092411379657e+03
-4.376703092411379657e+03
-4.376703092411379657e+03
-4.376703092411379657e+03
-4.376703092411379657e+03
-4.376708577748339849e+03
-4.376704604357420067e+03
-4.376704604357420067e+03
-4.376704604357420067e+03
-4.376705946660220434e+03
-4.376705946660220434e+03
-4.376705946660220434e+03
-4.376781158818529548e+03
-4.376781158818529548e+03
-4.376781158818529548e+03
-4.376934655191509592e+03
-4.376934655191509592e+03
-4.376991796839810377e+03
-4.376928112036720449e+03
-4.376930557172679983e+03
-4.376905811434980023e+03
-4.376974464869000258e+03
-4.376875923284739656e+03
-4.376875923284739656e+03
-4.376723088592289969e+03
-4.376745754926550035e+03
-4.376745754926550035e+03
-4.376544695685280203e+03
-4.376544695685280203e+03
-4.376596388128559738e+03
-4.376621548696580248e+03
-4.376659888983599558e+03
-4.376675563702399813e+03
-4.376443649774420010e+03
-4.376443649774420010e+03
-4.376521590985110379e+03
-4.376521590985110379e+03
-4.376622683262259670e+03
-4.376622683262259670e+03
-4.376622683262259670e+03
-4.376622683262259670e+03
-4.376711215162279586e+03
-4.376678997326070203e+03
-4.376646725220280132e+03
-4.376754178482009593e+03
-4.376754178482009593e+03
-4.376754178482009593e+03
-4.376771955783089652e+03
-4.376771955783089652e+03
-4.376624327560140046e+03
-4.376651091470839674e+03
-4.376607198375590087e+03
-4.376456536860359847e+03
-4.376456536860359847e+03
-4.376456536860359847e+03
-4.376437394758309892e+03
-4.376437394758309892e+03
-4.376448516902510164e+03
-4.376448516902510164e+03
-4.376448516902510164e+03
-4.376480604071740345e+03
-4.376407809172370435e+03
-4.376407809172370435e+03
-4.376273904038839646e+03
-4.376236609627980215e+03
-4.376236609627980215e+03
-4.376236609627980215e+03
-4.376236609627980215e+03
-4.376236609627980215e+03
-4.376236609627980215e+03
-4.376236609627980215e+03
-4.376236609627980215e+03
-4.376236609627980215e+03
-4.376289844130959864e+03
-4.376289844130959864e+03
-4.376284637906080206e+03
-4.376341933945120218e+03
-4.376341933945120218e+03
-4.376341933945120218e+03
-4.376241816129970175e+03
-4.376224555976449665e+03
-4.376079637586190074e+03
-4.376059173742570238e+03
-4.376064815033169907e+03
-4.376064815033169907e+03
-4.376064815033169907e+03
-4.376064815033169907e+03
-4.376081516727270355e+03
-4.376081516727270355e+03
-4.376081516727270355e+03
-4.376081516727270355e+03
-4.376081516727270355e+03
-4.376100630061399897e+03
-4.376164318932340393e+03
-4.376164318932340393e+03
-4.376114538392510440e+03
-4.376114538392510440e+03
-4.376037922005730252e+03
-4.376037922005730252e+03
-4.376049546165349966e+03
-4.376049546165349966e+03
-4.375962983140069809e+03
-4.375998628203309636e+03
-4.375929040190730120e+03
-4.375929040190730120e+03
-4.375929040190730120e+03
-4.375929040190730120e+03
-4.375929040190730120e+03
-4.376053111934899789e+03
-4.376029938648849566e+03
-4.376139727609120200e+03
-4.376139727609120200e+03
-4.376139727609120200e+03
-4.376139727609120200e+03
-4.376129171902490270e+03
-4.376236636288380396e+03
-4.376236636288380396e+03
-4.376293820126239552e+03
-4.376293820126239552e+03
-4.376293820126239552e+03
-4.376293820126239552e+03
-4.376293820126239552e+03
-4.376405747332420106e+03
-4.376405747332420106e+03
-4.376357109205960114e+03
-4.376357109205960114e+03
-4.376357109205960114e+03
-4.376355001053229898e+03
-4.376455189627579784e+03
-4.376455189627579784e+03
-4.376693944122100220e+03
-4.376693944122100220e+03
-4.376693944122100220e+03
-4.376698632960839859e+03
-4.376698632960839859e+03
-4.376770769468420440e+03
-4.376770769468420440e+03
-4.376730547988109720e+03
-4.376730547988109720e+03
-4.376730547988109720e+03
-4.376668000265190130e+03
-4.376803095976930308e+03
-4.376803095976930308e+03
-4.376810172581819643e+03
-4.376810172581819643e+03
-4.376849880877390206e+03
-4.376850105527179949e+03
-4.376834929851649576e+03
-4.376834929851649576e+03
-4.376834929851649576e+03
-4.376830773524159667e+03
-4.376807365421300346e+03
-4.376807365421300346e+03
-4.376807365421300346e+03
-4.376807365421300346e+03
-4.376807365421300346e+03
-4.376754939700759678e+03
-4.376860805145760423e+03
-4.376731452250460279e+03
-4.376731452250460279e+03
-4.376731452250460279e+03
-4.376853399373429966e+03
-4.376853399373429966e+03
-4.376853399373429966e+03
-4.376853399373429966e+03
-4.376853399373429966e+03
-4.376944441466010176e+03
-4.376944441466010176e+03
-4.376944441466010176e+03
-4.377201666973790452e+03
-4.377201666973790452e+03
-4.377201666973790452e+03
-4.377201666973790452e+03
-4.377201666973790452e+03
-4.377201666973790452e+03
-4.377201666973790452e+03
-4.377201666973790452e+03
-4.377043155113849934e+03
-4.377029471366259713e+03
-4.377029471366259713e+03
-4.377070546374849982e+03
-4.377070546374849982e+03
-4.377176744916529969e+03
-4.377176744916529969e+03
-4.377176744916529969e+03
-4.377176744916529969e+03
-4.377176744916529969e+03
-4.377176744916529969e+03
-4.377176744916529969e+03
-4.377176744916529969e+03
-4.377294021440169672e+03
-4.377294021440169672e+03
-4.377277266210459857e+03
-4.377277266210459857e+03
-4.377277266210459857e+03
-4.377277266210459857e+03
-4.377277266210459857e+03
-4.377277266210459857e+03
-4.377101434665580200e+03
-4.377101434665580200e+03
-4.377148211204529616e+03
-4.377152299630290145e+03
-4.377170069650969708e+03
-4.377154687390009713e+03
-4.377154687390009713e+03
-4.377154687390009713e+03
-4.377154687390009713e+03
-4.377154687390009713e+03
-4.377154687390009713e+03
-4.377179022408409764e+03
-4.377209272017639705e+03
-4.377209272017639705e+03
-4.377209272017639705e+03
-4.377178508175739807e+03
-4.377192960647739710e+03
-4.377192960647739710e+03
-4.377192960647739710e+03
-4.377192960647739710e+03
-4.377192960647739710e+03
-4.377192960647739710e+03
-4.377192960647739710e+03
-4.377192960647739710e+03
-4.377230516569199608e+03
-4.377230516569199608e+03
-4.377181546641390014e+03
-4.377181546641390014e+03
-4.377181546641390014e+03
-4.377181546641390014e+03
-4.377181546641390014e+03
-4.377181546641390014e+03
-4.377215399583279577e+03
-4.377215399583279577e+03
-4.377215399583279577e+03
-4.377215399583279577e+03
-4.377215399583279577e+03
-4.377215399583279577e+03
-4.377215399583279577e+03
-4.377287422158029585e+03
-4.377253430858630054e+03
-4.377253430858630054e+03
-4.377253430858630054e+03
-4.377253430858630054e+03
-4.377253430858630054e+03
-4.377253430858630054e+03
-4.377276335830069911e+03
-4.377326723202079847e+03
-4.377326723202079847e+03
-4.377172964130470064e+03
-4.377172964130470064e+03
-4.377314686062430155e+03
-4.377314686062430155e+03
-4.377314686062430155e+03
-4.377314686062430155e+03
-4.377234720200690390e+03
-4.377234720200690390e+03
-4.377234720200690390e+03
-4.377018705951970333e+03
-4.377089437203640045e+03
-4.377089437203640045e+03
-4.377089437203640045e+03
-4.377089437203640045e+03
-4.377140834256820199e+03
-4.377140834256820199e+03
-4.377140834256820199e+03
-4.377140834256820199e+03
-4.377228645125400362e+03
-4.377065710615420357e+03
-4.376929813778970129e+03
-4.376929813778970129e+03
-4.376929813778970129e+03
-4.376909456103800039e+03
-4.376859912239319783e+03
-4.376859912239319783e+03
-4.376859912239319783e+03
-4.376859912239319783e+03
-4.376858028510169788e+03
-4.376858028510169788e+03
-4.376858028510169788e+03
-4.376903330988749985e+03
-4.376903330988749985e+03
-4.376903330988749985e+03
-4.376787234414389786e+03
-4.376796006989879970e+03
-4.376796006989879970e+03
-4.376796006989879970e+03
-4.376796006989879970e+03
-4.376796006989879970e+03
-4.376789569909969941e+03
-4.376789569909969941e+03
-4.376789569909969941e+03
-4.376789569909969941e+03
-4.376863024648790088e+03
-4.376863024648790088e+03
-4.376863024648790088e+03
-4.376924670078249619e+03
-4.377020197248710247e+03
-4.377115507547629932e+03
-4.377115507547629932e+03
-4.377175126709050346e+03
-4.377175126709050346e+03
-4.377175126709050346e+03
-4.377070023565300289e+03
-4.377070023565300289e+03
-4.376989442074310318e+03
-4.376989442074310318e+03
-4.376899892648820241e+03
-4.376899892648820241e+03
-4.376899892648820241e+03
-4.376893326962989704e+03
-4.376893326962989704e+03
-4.376951538937320038e+03
-4.376951538937320038e+03
-4.376967638812519908e+03
-4.376967638812519908e+03
-4.376967638812519908e+03
-4.376849385044820337e+03
-4.376774604446810372e+03
-4.376853957791840003e+03
-4.376853957791840003e+03
-4.376953874063579860e+03
-4.376953874063579860e+03
-4.377039226646949828e+03
-4.377039226646949828e+03
-4.377039226646949828e+03
-4.377039226646949828e+03
-4.377243579194559970e+03
-4.377241150050090255e+03
-4.377241150050090255e+03
-4.377280999843020254e+03
-4.377328506189829568e+03
-4.377308582137259691e+03
-4.377471839401289799e+03
-4.377471839401289799e+03
-4.377451588304839788e+03
-4.377451588304839788e+03
-4.377327982721490116e+03
-4.377327982721490116e+03
-4.377146648605140399e+03
-4.377271583545089925e+03
-4.377271583545089925e+03
-4.377542778671710039e+03
-4.377542778671710039e+03
-4.377542778671710039e+03
-4.377636172603830346e+03
-4.377636172603830346e+03
-4.377636172603830346e+03
-4.377636172603830346e+03
-4.377636172603830346e+03
-4.377636172603830346e+03
-4.377636172603830346e+03
-4.377630664261429956e+03
-4.377630664261429956e+03
-4.377385391574680398e+03
-4.377385391574680398e+03
-4.377385391574680398e+03
-4.377430643979670094e+03
-4.377430643979670094e+03
-4.377430643979670094e+03
-4.377430643979670094e+03
-4.377362587011900359e+03
-4.377362587011900359e+03
-4.377362587011900359e+03
-4.377327989666669964e+03
-4.377327989666669964e+03
-4.377327989666669964e+03
-4.377327989666669964e+03
-4.377327989666669964e+03
-4.377327989666669964e+03
-4.377327989666669964e+03
-4.377341523797330410e+03
-4.377341523797330410e+03
-4.377313905111020176e+03
-4.377276786720640303e+03
-4.377174703088549904e+03
-4.376995811795030022e+03
-4.377075867421660405e+03
-4.377075867421660405e+03
-4.377104323233489595e+03
-4.377222760656060018e+03
-4.377222760656060018e+03
-4.377222760656060018e+03
-4.377033277707700108e+03
-4.377033277707700108e+03
-4.377076119801099594e+03
-4.377076119801099594e+03
-4.377069170129229860e+03
-4.377198942309850281e+03
-4.377198942309850281e+03
-4.377198942309850281e+03
-4.377198942309850281e+03
-4.377198942309850281e+03
-4.377198942309850281e+03
-4.377198942309850281e+03
-4.377198942309850281e+03
-4.377198942309850281e+03
-4.377198942309850281e+03
-4.377198942309850281e+03
-4.377172055927329893e+03
-4.377183504079779595e+03
-4.377183504079779595e+03
-4.377183504079779595e+03
-4.377039422475450010e+03
-4.377039422475450010e+03
-4.377217633064959955e+03
-4.377238859220859922e+03
-4.377238859220859922e+03
-4.377238859220859922e+03
-4.377238859220859922e+03
-4.377238859220859922e+03
-4.377238859220859922e+03
-4.377238859220859922e+03
-4.377360292426699743e+03
-4.377369078704809908e+03
-4.377369078704809908e+03
-4.377186544240210424e+03
-4.377186544240210424e+03
-4.377304930118870288e+03
-4.377329315560329633e+03
-4.377329315560329633e+03
-4.377329315560329633e+03
-4.377329315560329633e+03
-4.377296701217450391e+03
-4.377507103348229975e+03
-4.377507103348229975e+03
-4.377322296846349673e+03
-4.377322296846349673e+03
-4.377322296846349673e+03
-4.377322296846349673e+03
-4.377322296846349673e+03
-4.377322296846349673e+03
-4.377538864946929607e+03
-4.377538864946929607e+03
-4.377538864946929607e+03
-4.377538864946929607e+03
-4.377812956966219645e+03
-4.377852364772839792e+03
-4.377852364772839792e+03
-4.377872960640909696e+03
-4.377837838472240037e+03
-4.377837838472240037e+03
-4.377837838472240037e+03
-4.377737891831259731e+03
-4.377765631947810107e+03
-4.377765631947810107e+03
-4.377765631947810107e+03
-4.377765631947810107e+03
-4.377765631947810107e+03
-4.377732270358060305e+03
-4.377759381079389641e+03
-4.377759381079389641e+03
-4.377759381079389641e+03
-4.377961977856570229e+03
-4.377961977856570229e+03
-4.377961977856570229e+03
-4.377961977856570229e+03
-4.377924761779619985e+03
-4.378098133012389553e+03
-4.378098133012389553e+03
-4.378098133012389553e+03
-4.378152523095040124e+03
-4.378152523095040124e+03
-4.378152523095040124e+03
-4.378236473325569932e+03
-4.378236473325569932e+03
-4.378189074206179612e+03
-4.378189074206179612e+03
-4.378189074206179612e+03
-4.378189074206179612e+03
-4.378286739291709637e+03
-4.378392184589580211e+03
-4.378434777458839562e+03
-4.378434777458839562e+03
-4.378575265087190019e+03
-4.378602816904919564e+03
-4.378641088777530058e+03
-4.378641088777530058e+03
-4.378641088777530058e+03
-4.378641088777530058e+03
-4.378724998355680327e+03
-4.378724998355680327e+03
-4.378807022938530281e+03
-4.378807022938530281e+03
-4.378854509246169982e+03
-4.378854509246169982e+03
-4.378854509246169982e+03
-4.378854509246169982e+03
-4.378851044159499907e+03
-4.378972893336220295e+03
-4.378972893336220295e+03
-4.378972893336220295e+03
-4.378997359525899810e+03
-4.379008862896160281e+03
-4.379008862896160281e+03
-4.379008862896160281e+03
-4.379008862896160281e+03
-4.379008862896160281e+03
-4.378842317530080436e+03
-4.378842317530080436e+03
-4.378842317530080436e+03
-4.379189838319420232e+03
-4.379177540788569786e+03
-4.379177540788569786e+03
-4.379177540788569786e+03
-4.379177540788569786e+03
-4.379252417708519715e+03
-4.379252417708519715e+03
-4.379252417708519715e+03
-4.379252417708519715e+03
-4.379252417708519715e+03
-4.379252417708519715e+03
-4.379252417708519715e+03
-4.379375563287519981e+03
-4.379375563287519981e+03
-4.379375563287519981e+03
-4.379375563287519981e+03
-4.379436684281539783e+03
-4.379512307136619711e+03
-4.379485761289170114e+03
-4.379485761289170114e+03
-4.379485761289170114e+03
-4.379485761289170114e+03
-4.379485761289170114e+03
-4.379485761289170114e+03
-4.379411757063169716e+03
-4.379411757063169716e+03
-4.379399655006819557e+03
-4.379391211448680224e+03
-4.379391211448680224e+03
-4.379391211448680224e+03
-4.379460030019319674e+03
-4.379565158744379914e+03
-4.379565158744379914e+03
-4.379565158744379914e+03
-4.379547773376580153e+03
-4.379547773376580153e+03
-4.379742056616750233e+03
-4.379742056616750233e+03
-4.379589358840719797e+03
-4.379589358840719797e+03
-4.379589358840719797e+03
-4.379576907634340387e+03
-4.379576907634340387e+03
-4.379576907634340387e+03
-4.379576907634340387e+03
-4.379576907634340387e+03
-4.379435706781730005e+03
-4.379435706781730005e+03
-4.379435706781730005e+03
-4.379435706781730005e+03
-4.379435706781730005e+03
-4.379292549073859846e+03
-4.379292549073859846e+03
-4.379292549073859846e+03
-4.379292549073859846e+03
-4.379126315156559940e+03
-4.379092324333810211e+03
-4.379092324333810211e+03
-4.379092324333810211e+03
-4.379092324333810211e+03
-4.379092324333810211e+03
-4.379080361886790342e+03
-4.378954823623429547e+03
-4.378954823623429547e+03
-4.379243250450150299e+03
-4.379243250450150299e+03
-4.379243250450150299e+03
-4.379490709789550237e+03
-4.379490709789550237e+03
-4.379490709789550237e+03
-4.379490709789550237e+03
-4.379519029971779673e+03
-4.379519029971779673e+03
-4.379519029971779673e+03
-4.379519029971779673e+03
-4.379519029971779673e+03
-4.379519029971779673e+03
-4.379519029971779673e+03
-4.379519029971779673e+03
-4.379474841265940086e+03
-4.379474841265940086e+03
-4.379474841265940086e+03
-4.379300698976940112e+03
-4.379300698976940112e+03
-4.379300698976940112e+03
-4.379279735259699919e+03
-4.379279735259699919e+03
-4.379279735259699919e+03
-4.379260120443769665e+03
-4.379260120443769665e+03
-4.379257892186120444e+03
-4.379038916646720281e+03
-4.379034087173719854e+03
-4.379034087173719854e+03
-4.379034087173719854e+03
-4.379034087173719854e+03
-4.379034087173719854e+03
-4.379047857435390142e+03
-4.379065676406539751e+03
-4.379065676406539751e+03
-4.379065676406539751e+03
-4.379065676406539751e+03
-4.379165366478870055e+03
-4.379165366478870055e+03
-4.379165366478870055e+03
-4.379170353497570432e+03
-4.379170353497570432e+03
-4.379170353497570432e+03
-4.378989951030320299e+03
-4.378989951030320299e+03
-4.378989951030320299e+03
-4.379025407084270228e+03
-4.379025407084270228e+03
-4.379025407084270228e+03
-4.379025407084270228e+03
-4.379025407084270228e+03
-4.378876345828420199e+03
-4.378876345828420199e+03
-4.378876345828420199e+03
-4.378988988906689883e+03
-4.378988988906689883e+03
-4.378988988906689883e+03
-4.379225371539319895e+03
-4.379225371539319895e+03
-4.379497071730959760e+03
-4.379512046951809680e+03
-4.379512046951809680e+03
-4.379512046951809680e+03
-4.379364015169309823e+03
-4.379364015169309823e+03
-4.379364015169309823e+03
-4.379657698304939913e+03
-4.379626267130290216e+03
-4.379626267130290216e+03
-4.379626267130290216e+03
-4.379626267130290216e+03
-4.379626267130290216e+03
-4.379626267130290216e+03
-4.379742117342670099e+03
-4.379742117342670099e+03
-4.379742117342670099e+03
-4.379742117342670099e+03
-4.379663633752200440e+03
-4.379735495551080021e+03
-4.379735495551080021e+03
-4.379735495551080021e+03
-4.379735495551080021e+03
-4.379735495551080021e+03
-4.379718042613390026e+03
-4.379718042613390026e+03
-4.379718042613390026e+03
-4.379718042613390026e+03
-4.379718042613390026e+03
-4.379718042613390026e+03
-4.379691972881720176e+03
-4.379670564248690425e+03
-4.379670564248690425e+03
-4.379670564248690425e+03
-4.379670564248690425e+03
-4.379670564248690425e+03
-4.379670564248690425e+03
-4.379670564248690425e+03
-4.379390535253890448e+03
-4.379390535253890448e+03
-4.379390535253890448e+03
-4.379390535253890448e+03
-4.379364100489920020e+03
-4.379364100489920020e+03
-4.379364100489920020e+03
-4.379364100489920020e+03
-4.379301013666379731e+03
-4.379301013666379731e+03
-4.379301013666379731e+03
-4.379301013666379731e+03
-4.379152008200770069e+03
-4.379295391623630167e+03
-4.379295391623630167e+03
-4.379295391623630167e+03
-4.379338734286149702e+03
-4.379327114138090110e+03
-4.379365753185429639e+03
-4.379365753185429639e+03
-4.379273434952689968e+03
-4.379276825279210243e+03
-4.379261713932490238e+03
-4.379261713932490238e+03
-4.379261713932490238e+03
-4.379261713932490238e+03
-4.379281320582410444e+03
-4.379281320582410444e+03
-4.379069756417739882e+03
-4.379056369445939708e+03
-4.379091641792179871e+03
-4.379289098373939851e+03
-4.379289098373939851e+03
-4.379070931456530161e+03
-4.379070931456530161e+03
-4.379262099810510335e+03
-4.379262099810510335e+03
-4.379262099810510335e+03
-4.379262099810510335e+03
-4.379262099810510335e+03
-4.379256277703800151e+03
-4.379256277703800151e+03
-4.379168145589190317e+03
-4.379168145589190317e+03
-4.379080099364089619e+03
-4.379375249313689892e+03
-4.379375249313689892e+03
-4.379375249313689892e+03
-4.379375249313689892e+03
-4.379375249313689892e+03
-4.379375249313689892e+03
-4.379281276721419999e+03
-4.379281276721419999e+03
-4.379403507794049801e+03
-4.379388731659980294e+03
-4.379388731659980294e+03
-4.379388731659980294e+03
-4.379388731659980294e+03
-4.379388731659980294e+03
-4.379413188336039639e+03
-4.379413188336039639e+03
-4.379388617961670207e+03
-4.379217965207480120e+03
-4.379217965207480120e+03
-4.379217965207480120e+03
-4.379217965207480120e+03
-4.379217965207480120e+03
-4.379217965207480120e+03
-4.379217965207480120e+03
-4.379217965207480120e+03
-4.379283774789299969e+03
-4.379366334885039578e+03
-4.379221508446209555e+03
-4.379216160041780313e+03
-4.379216160041780313e+03
-4.379216160041780313e+03
-4.379254626445599570e+03
-4.379254626445599570e+03
-4.379254626445599570e+03
-4.379254626445599570e+03
-4.379347940737479803e+03
-4.379347940737479803e+03
-4.379347940737479803e+03
-4.379347940737479803e+03
-4.379347940737479803e+03
-4.379382425734530443e+03
-4.379364925069339733e+03
-4.379650124213069830e+03
-4.379650124213069830e+03
-4.379650124213069830e+03
-4.379583047953969981e+03
-4.379507326162540267e+03
-4.379507326162540267e+03
-4.379494585646890300e+03
-4.379494585646890300e+03
-4.379494585646890300e+03
-4.379494585646890300e+03
-4.379494585646890300e+03
-4.379592980601270028e+03
-4.379592980601270028e+03
-4.379592980601270028e+03
-4.379498939595149750e+03
-4.379498939595149750e+03
-4.379498939595149750e+03
-4.379498939595149750e+03
-4.379498939595149750e+03
-4.379498939595149750e+03
-4.379498939595149750e+03
-4.379498939595149750e+03
-4.379498939595149750e+03
-4.379498939595149750e+03
-4.379498229247489689e+03
-4.379498229247489689e+03
-4.379620539718929649e+03
-4.379618222226159560e+03
-4.379715928102010366e+03
-4.379918488253630130e+03
-4.379918488253630130e+03
-4.379962215671090235e+03
-4.379962215671090235e+03
-4.379962215671090235e+03
-4.379962215671090235e+03
-4.379962215671090235e+03
-4.379962215671090235e+03
-4.379962215671090235e+03
-4.379908144344170069e+03
-4.379908144344170069e+03
-4.379908144344170069e+03
-4.379908144344170069e+03
-4.379908144344170069e+03
-4.379933301898910031e+03
-4.379914481066910412e+03
-4.379914481066910412e+03
-4.379975993590290273e+03
-4.379975993590290273e+03
-4.379975993590290273e+03
-4.379830368845599878e+03
-4.379830368845599878e+03
-4.379882082812299814e+03
-4.379882082812299814e+03
-4.379937132344680322e+03
-4.379937132344680322e+03
-4.379994855428840310e+03
-4.379994855428840310e+03
-4.379994855428840310e+03
-4.379994855428840310e+03
-4.379994855428840310e+03
-4.379994855428840310e+03
-4.379994855428840310e+03
-4.379994855428840310e+03
-4.379994855428840310e+03
-4.379994855428840310e+03
-4.379994855428840310e+03
-4.380039237001349647e+03
-4.380230006816989771e+03
-4.380345205822540265e+03
-4.380345205822540265e+03
-4.380366592390099868e+03
-4.380383672123640281e+03
-4.380433085055339689e+03
-4.380433085055339689e+03
-4.380385126483500244e+03
-4.380370584399959625e+03
-4.380370584399959625e+03
-4.380370584399959625e+03
-4.380370584399959625e+03
-4.380339500534700164e+03
-4.380339500534700164e+03
-4.380339500534700164e+03
-4.380411938233610272e+03
-4.380411938233610272e+03
-4.380471942605099684e+03
-4.380471942605099684e+03
-4.380471942605099684e+03
-4.380471942605099684e+03
-4.380471942605099684e+03
-4.380471942605099684e+03
-4.380339886964449761e+03
-4.380339886964449761e+03
-4.380339886964449761e+03
-4.380339886964449761e+03
-4.380339886964449761e+03
-4.380247865235670361e+03
-4.380247865235670361e+03
-4.380247865235670361e+03
-4.380247865235670361e+03
-4.380156541538480269e+03
-4.380156541538480269e+03
-4.380142163540140245e+03
-4.380067742738800007e+03
-4.380067742738800007e+03
-4.380067742738800007e+03
-4.380398492474720115e+03
-4.380398492474720115e+03
-4.380514356358049554e+03
-4.380514356358049554e+03
-4.380514356358049554e+03
-4.380514356358049554e+03
-4.380544829390900304e+03
-4.380428168626520346e+03
-4.380428168626520346e+03
-4.380428168626520346e+03
-4.380325625262000358e+03
-4.380325625262000358e+03
-4.380325625262000358e+03
-4.380307899867640117e+03
-4.380387317785170126e+03
-4.380272263114169618e+03
-4.380236446503039588e+03
-4.380236446503039588e+03
-4.380236446503039588e+03
-4.380354885698039652e+03
-4.380419374189379596e+03
-4.380289845355359830e+03
-4.380128803485809840e+03
-4.380128803485809840e+03
-4.380128803485809840e+03
-4.380128803485809840e+03
-4.380128803485809840e+03
-4.380128803485809840e+03
-4.380119896086120207e+03
-4.380119896086120207e+03
-4.380119896086120207e+03
-4.380156050814130140e+03
-4.380156050814130140e+03
-4.380156050814130140e+03
-4.380178756067110044e+03
-4.380178756067110044e+03
-4.380178756067110044e+03
-4.380178756067110044e+03
-4.380178756067110044e+03
-4.380052621901630118e+03
-4.380031159427019702e+03
-4.380031159427019702e+03
-4.380031159427019702e+03
-4.380031159427019702e+03
-4.380031159427019702e+03
-4.380037374811059635e+03
-4.380178767395460454e+03
-4.380064638798739907e+03
-4.380023208638739561e+03
-4.379968154228999992e+03
-4.379968154228999992e+03
-4.379968154228999992e+03
-4.379838725452809740e+03
-4.379838725452809740e+03
-4.379829542908840267e+03
-4.379829542908840267e+03
-4.379829542908840267e+03
-4.379829542908840267e+03
-4.379829542908840267e+03
-4.379829542908840267e+03
-4.379829542908840267e+03
-4.379849451846659576e+03
-4.379835298353549661e+03
-4.379835298353549661e+03
-4.379835298353549661e+03
-4.379835298353549661e+03
-4.379835298353549661e+03
-4.379835298353549661e+03
-4.379835298353549661e+03
-4.379698732050330364e+03
-4.379677764646239666e+03
-4.379697694467539804e+03
-4.379679900628850191e+03
-4.379679900628850191e+03
-4.379679900628850191e+03
-4.379679900628850191e+03
-4.379679900628850191e+03
-4.379679900628850191e+03
-4.379690039794039876e+03
-4.379762854570780291e+03
-4.379762854570780291e+03
-4.379762854570780291e+03
-4.379762854570780291e+03
-4.379762854570780291e+03
-4.379762854570780291e+03
-4.379762854570780291e+03
-4.379872389821780416e+03
-4.379889359808190420e+03
-4.379933758410869814e+03
-4.379933758410869814e+03
-4.379933758410869814e+03
-4.379969145482299609e+03
-4.380248276678769798e+03
-4.380248276678769798e+03
-4.380248276678769798e+03
-4.380248276678769798e+03
-4.380248276678769798e+03
-4.380140860488950239e+03
-4.380063963402820264e+03
-4.380011409845729759e+03
-4.380011409845729759e+03
-4.380011409845729759e+03
-4.380011409845729759e+03
-4.380011409845729759e+03
-4.380109170536249621e+03
-4.380109170536249621e+03
-4.380109170536249621e+03
-4.380109170536249621e+03
-4.380091264217419848e+03
-4.380091264217419848e+03
-4.380091264217419848e+03
-4.380091264217419848e+03
-4.380091264217419848e+03
-4.380091264217419848e+03
-4.380091264217419848e+03
-4.380091264217419848e+03
-4.380091264217419848e+03
-4.380091264217419848e+03
-4.380091264217419848e+03
-4.380091264217419848e+03
-4.380151543652190412e+03
-4.380024700028579900e+03
-4.380024700028579900e+03
-4.379990042257990353e+03
-4.379990042257990353e+03
-4.379990042257990353e+03
-4.380023679174039898e+03
-4.380023679174039898e+03
-4.380023679174039898e+03
-4.379809176520279834e+03
-4.379809176520279834e+03
-4.380036792110659917e+03
-4.379886575812000046e+03
-4.379886575812000046e+03
-4.379914750549810378e+03
-4.379914750549810378e+03
-4.379914750549810378e+03
-4.379914750549810378e+03
-4.379770789620380128e+03
-4.379770789620380128e+03
-4.379770789620380128e+03
-4.379770789620380128e+03
-4.379646854866789909e+03
-4.379646854866789909e+03
-4.379646854866789909e+03
-4.379646854866789909e+03
-4.379646854866789909e+03
-4.379676823343809701e+03
-4.379676823343809701e+03
-4.379676823343809701e+03
-4.379656064817640072e+03
-4.379798667078670405e+03
-4.379798667078670405e+03
-4.379798667078670405e+03
-4.379798667078670405e+03
-4.379663743827990402e+03
-4.379663743827990402e+03
-4.379663743827990402e+03
-4.379663743827990402e+03
-4.379659831975180168e+03
-4.379659831975180168e+03
-4.379659831975180168e+03
-4.379659831975180168e+03
-4.379778316472239567e+03
-4.379954679752529955e+03
-4.379954679752529955e+03
-4.379954679752529955e+03
-4.379954679752529955e+03
-4.379654802168590322e+03
-4.379590232866939914e+03
-4.379590232866939914e+03
-4.379590232866939914e+03
-4.379590232866939914e+03
-4.379590232866939914e+03
-4.379590232866939914e+03
-4.379564706536610174e+03
-4.379564706536610174e+03
-4.379688129265089628e+03
-4.379688129265089628e+03
-4.379475908868390434e+03
-4.379475908868390434e+03
-4.379410550010809857e+03
-4.379429806113260383e+03
-4.379593081006330067e+03
-4.379593081006330067e+03
-4.379593081006330067e+03
-4.379593081006330067e+03
-4.379593081006330067e+03
-4.379606004680449587e+03
-4.379615526312750262e+03
-4.379615526312750262e+03
-4.379551901274820011e+03
-4.379898485129519941e+03
-4.379898485129519941e+03
-4.379898485129519941e+03
-4.379898485129519941e+03
-4.379898485129519941e+03
-4.379898485129519941e+03
-4.379898485129519941e+03
-4.379587898980859791e+03
-4.379589375176919930e+03
-4.379620832929040262e+03
-4.379620832929040262e+03
-4.379485024608639833e+03
-4.379621749471970361e+03
-4.379621749471970361e+03
-4.379621749471970361e+03
-4.379413640932880298e+03
-4.379413640932880298e+03
-4.379413640932880298e+03
-4.379413640932880298e+03
-4.379548579074219560e+03
-4.379548579074219560e+03
-4.379548579074219560e+03
-4.379548579074219560e+03
-4.379430691653629765e+03
-4.379403117173899773e+03
-4.379403117173899773e+03
-4.379408239980110011e+03
-4.379669910418840118e+03
-4.379669910418840118e+03
-4.379669910418840118e+03
-4.379676819913889631e+03
-4.379676819913889631e+03
-4.379676819913889631e+03
-4.379676819913889631e+03
-4.379694324174630310e+03
-4.379659340895979767e+03
-4.379488557243320429e+03
-4.379488557243320429e+03
-4.379488557243320429e+03
-4.379488557243320429e+03
-4.379784725920419987e+03
-4.379784725920419987e+03
-4.379683402415040291e+03
-4.379553076314219652e+03
-4.379553076314219652e+03
-4.379553076314219652e+03
-4.379620945841000321e+03
-4.379632386781479909e+03
-4.379632386781479909e+03
-4.379331671399169863e+03
-4.379206494158390342e+03
-4.379206494158390342e+03
-4.379206494158390342e+03
-4.379206494158390342e+03
-4.379206494158390342e+03
-4.379206494158390342e+03
-4.379206494158390342e+03
-4.379064963130839715e+03
-4.379064963130839715e+03
-4.379064963130839715e+03
-4.379064963130839715e+03
-4.378950161654770454e+03
-4.378886664031339933e+03
-4.378863838616889552e+03
-4.378863838616889552e+03
-4.378863838616889552e+03
-4.378900324690739581e+03
-4.378900324690739581e+03
-4.378900324690739581e+03
-4.378900324690739581e+03
-4.378900324690739581e+03
-4.378900324690739581e+03
-4.378900324690739581e+03
-4.378831483219910297e+03
-4.378848554830699868e+03
-4.378848554830699868e+03
-4.378848554830699868e+03
-4.378772305847050120e+03
-4.378708586546969855e+03
-4.378708586546969855e+03
-4.378737755541459592e+03
-4.378738417888590448e+03
-4.378738417888590448e+03
-4.378738417888590448e+03
-4.378738417888590448e+03
-4.378610637068120013e+03
-4.378610637068120013e+03
-4.378610637068120013e+03
-4.378695827071550411e+03
-4.378695827071550411e+03
-4.378695827071550411e+03
-4.378695827071550411e+03
-4.378695827071550411e+03
-4.378695827071550411e+03
-4.378524491286620105e+03
-4.378524491286620105e+03
-4.378524491286620105e+03
-4.378524491286620105e+03
-4.378545253386710101e+03
-4.378545253386710101e+03
-4.378545253386710101e+03
-4.378545253386710101e+03
-4.378545253386710101e+03
-4.378514141321619718e+03
-4.378544139664610157e+03
-4.378544139664610157e+03
-4.378544139664610157e+03
-4.378544139664610157e+03
-4.378670605903140313e+03
-4.378670605903140313e+03
-4.378670605903140313e+03
-4.378544136194320345e+03
-4.378544136194320345e+03
-4.378544136194320345e+03
-4.378611764305360339e+03
-4.378611764305360339e+03
-4.378486037817039687e+03
-4.378469077573809955e+03
-4.378613501815249947e+03
-4.378613501815249947e+03
-4.378687177544829865e+03
-4.378687177544829865e+03
-4.378687177544829865e+03
-4.378687177544829865e+03
-4.378687177544829865e+03
-4.378484571909480110e+03
-4.378484571909480110e+03
-4.378484571909480110e+03
-4.378484571909480110e+03
-4.378412005191679782e+03
-4.378412005191679782e+03
-4.378412005191679782e+03
-4.378306364824299635e+03
-4.378306364824299635e+03
-4.378306364824299635e+03
-4.378321322966359730e+03
-4.378321322966359730e+03
-4.378321322966359730e+03
-4.378321322966359730e+03
-4.378321322966359730e+03
-4.378321322966359730e+03
-4.378321322966359730e+03
-4.378339492435299690e+03
-4.378339492435299690e+03
-4.378339492435299690e+03
-4.378339492435299690e+03
-4.378339492435299690e+03
-4.378450551887160145e+03
-4.378450551887160145e+03
-4.378450551887160145e+03
-4.378536192941110130e+03
-4.378623458193679653e+03
-4.378602735491230305e+03
-4.378602735491230305e+03
-4.378630408030699982e+03
-4.378630408030699982e+03
-4.378845199123399652e+03
-4.378845199123399652e+03
-4.378797281734179705e+03
-4.378797281734179705e+03
-4.378797281734179705e+03
-4.378797281734179705e+03
-4.378797281734179705e+03
-4.378797281734179705e+03
-4.378797281734179705e+03
-4.378797281734179705e+03
-4.378797281734179705e+03
-4.378797281734179705e+03
-4.378875563679510378e+03
-4.378875563679510378e+03
-4.378875563679510378e+03
-4.378830305439920267e+03
-4.379007605349729602e+03
-4.379007605349729602e+03
-4.379026887317410001e+03
-4.379026887317410001e+03
-4.379104159803810035e+03
-4.379058904719359816e+03
-4.379058904719359816e+03
-4.379058904719359816e+03
-4.379111064464439551e+03
-4.379124046068540338e+03
-4.379392834811010289e+03
-4.379392834811010289e+03
-4.379392834811010289e+03
-4.379468417169179702e+03
-4.379468417169179702e+03
-4.379229442722020394e+03
-4.379229442722020394e+03
-4.379229442722020394e+03
-4.379229442722020394e+03
-4.379257795847839589e+03
-4.379257795847839589e+03
-4.379257795847839589e+03
-4.379257795847839589e+03
-4.379134832408140028e+03
-4.379134832408140028e+03
-4.379134832408140028e+03
-4.379134832408140028e+03
-4.379215162980899549e+03
-4.379215162980899549e+03
-4.379137132611040215e+03
-4.379244032148710176e+03
-4.379244032148710176e+03
-4.379244032148710176e+03
-4.379244032148710176e+03
-4.379244032148710176e+03
-4.379244032148710176e+03
-4.379244032148710176e+03
-4.379244032148710176e+03
-4.379244032148710176e+03
-4.379361106384450068e+03
-4.379361106384450068e+03
-4.379361106384450068e+03
-4.379361106384450068e+03
-4.379321463310329818e+03
-4.379321463310329818e+03
-4.379429818035129756e+03
-4.379611495716500031e+03
-4.379603332603749550e+03
-4.379485044386819936e+03
-4.379485044386819936e+03
-4.379485044386819936e+03
-4.379485044386819936e+03
-4.379485044386819936e+03
-4.379485044386819936e+03
-4.379485044386819936e+03
-4.379238995847589649e+03
-4.379202043079199939e+03
-4.379202043079199939e+03
-4.379202043079199939e+03
-4.379202043079199939e+03
-4.379379343042210166e+03
-4.379379343042210166e+03
-4.379469130144830160e+03
-4.379469130144830160e+03
-4.379521749944049589e+03
-4.379521749944049589e+03
-4.379521749944049589e+03
-4.379521749944049589e+03
-4.379614491557439578e+03
-4.379614491557439578e+03
-4.379614491557439578e+03
-4.379614491557439578e+03
-4.379619407817769570e+03
-4.379619407817769570e+03
-4.379445639704879795e+03
-4.379445639704879795e+03
-4.379832027942239620e+03
-4.379968569979219865e+03
-4.380044195374060109e+03
-4.380044195374060109e+03
-4.380044195374060109e+03
-4.380044195374060109e+03
-4.380044195374060109e+03
-4.380044195374060109e+03
-4.380044195374060109e+03
-4.380387116473259994e+03
-4.380270963951659724e+03
-4.380270963951659724e+03
-4.380270963951659724e+03
-4.380270963951659724e+03
-4.380252991345920236e+03
-4.380300378592989546e+03
-4.380195292425800289e+03
-4.380195292425800289e+03
-4.380195292425800289e+03
-4.380074339004169815e+03
-4.380074339004169815e+03
-4.380074339004169815e+03
-4.380074339004169815e+03
-4.380074339004169815e+03
-4.380074339004169815e+03
-4.380074339004169815e+03
-4.380002523625949834e+03
-4.379662094241440172e+03
-4.379662094241440172e+03
-4.379696509894250084e+03
-4.379696509894250084e+03
-4.379696509894250084e+03
-4.379696509894250084e+03
-4.379696509894250084e+03
-4.379696509894250084e+03
-4.379696509894250084e+03
-4.379696509894250084e+03
-4.379696509894250084e+03
-4.379685598740559726e+03
-4.379685598740559726e+03
-4.379828292681540006e+03
-4.379828292681540006e+03
-4.379909870658890213e+03
-4.379790043616379990e+03
-4.379790043616379990e+03
-4.379790043616379990e+03
-4.379790043616379990e+03
-4.379790043616379990e+03
-4.379929876280310054e+03
-4.379907874583739613e+03
-4.379874681984289964e+03
-4.379874681984289964e+03
-4.379953523765950195e+03
-4.379953523765950195e+03
-4.379952700615240246e+03
-4.380163056968969613e+03
-4.380163056968969613e+03
-4.380311336619670328e+03
-4.380311336619670328e+03
-4.380382655857620193e+03
-4.380382655857620193e+03
-4.380382655857620193e+03
-4.380382655857620193e+03
-4.380694161266230367e+03
-4.380694161266230367e+03
-4.380538626949680292e+03
-4.380538626949680292e+03
-4.380461781217700263e+03
-4.380461781217700263e+03
-4.380461781217700263e+03
-4.380461781217700263e+03
-4.380466324987420194e+03
-4.380306080112320160e+03
-4.380172980983649722e+03
-4.380172980983649722e+03
-4.379843330242059892e+03
-4.379920752512890431e+03
-4.379920752512890431e+03
-4.379920752512890431e+03
-4.380053386058089927e+03
-4.380053386058089927e+03
-4.380053386058089927e+03
-4.379964659034299984e+03
-4.379964659034299984e+03
-4.379964659034299984e+03
-4.380122823476410304e+03
-4.380122823476410304e+03
-4.380037313040969821e+03
-4.379974786178229806e+03
-4.380059483001139597e+03
-4.380059483001139597e+03
-4.380059483001139597e+03
-4.380059483001139597e+03
-4.380059483001139597e+03
-4.380065818078460325e+03
-4.380065818078460325e+03
-4.380065818078460325e+03
-4.380065818078460325e+03
-4.380065818078460325e+03
-4.380084297681840326e+03
-4.380084297681840326e+03
-4.380084297681840326e+03
-4.379978285742299704e+03
-4.380030774749800003e+03
-4.380030774749800003e+03
-4.380030774749800003e+03
-4.380030774749800003e+03
-4.380030774749800003e+03
-4.380143078262120071e+03
-4.380126408638820067e+03
-4.380126408638820067e+03
-4.379992732590299966e+03
-4.379992732590299966e+03
-4.379992732590299966e+03
-4.380018655397640032e+03
-4.380018655397640032e+03
-4.380018655397640032e+03
-4.380396546251589825e+03
-4.380396546251589825e+03
-4.380076616002989795e+03
-4.380030036109959838e+03
-4.380030036109959838e+03
-4.380030036109959838e+03
-4.380030036109959838e+03
-4.380001386660949720e+03
-4.380010981988960339e+03
-4.380089139066750249e+03
-4.380002427022979646e+03
-4.380002427022979646e+03
-4.380002427022979646e+03
-4.379988439468350407e+03
-4.379972456408870130e+03
-4.379972456408870130e+03
-4.379972456408870130e+03
-4.380088090649590413e+03
-4.380088090649590413e+03
-4.380088090649590413e+03
-4.380149057442399680e+03
-4.380149057442399680e+03
-4.380085288841780311e+03
-4.380085288841780311e+03
-4.380085288841780311e+03
-4.380085288841780311e+03
-4.380078286861170454e+03
-4.380052403999409762e+03
-4.380088758288699864e+03
-4.380124389439820334e+03
-4.380124389439820334e+03
-4.380030236750470067e+03
-4.380030236750470067e+03
-4.380030236750470067e+03
-4.380033188651300406e+03
-4.380033927776100427e+03
-4.380033927776100427e+03
-4.380107521599110441e+03
-4.380107521599110441e+03
-4.380107521599110441e+03
-4.380063711723770211e+03
-4.380033899964830198e+03
-4.380033899964830198e+03
-4.380033899964830198e+03
-4.380033899964830198e+03
-4.380082278813079938e+03
-4.379898171033840299e+03
-4.379898171033840299e+03
-4.379898171033840299e+03
-4.379963498630459981e+03
-4.380057621740000286e+03
-4.380100958508670374e+03
-4.380100958508670374e+03
-4.380100958508670374e+03
-4.380100958508670374e+03
-4.380100958508670374e+03
-4.380110741311130369e+03
-4.380110741311130369e+03
-4.380110741311130369e+03
-4.380194072453209628e+03
-4.380176293002729835e+03
-4.379864084529759566e+03
-4.379864084529759566e+03
-4.379864084529759566e+03
-4.379864084529759566e+03
-4.380123333183300019e+03
-4.379984944130849726e+03
-4.379984944130849726e+03
-4.379984944130849726e+03
-4.379984944130849726e+03
-4.379984944130849726e+03
-4.379984944130849726e+03
-4.379895592110719917e+03
-4.379895592110719917e+03
-4.379895592110719917e+03
-4.379895592110719917e+03
-4.379895592110719917e+03
-4.379895592110719917e+03
-4.379895592110719917e+03
-4.379895592110719917e+03
-4.379895592110719917e+03
-4.379895592110719917e+03
-4.379895592110719917e+03
-4.379895592110719917e+03
-4.379895592110719917e+03
-4.379895592110719917e+03
-4.379895592110719917e+03
-4.379895592110719917e+03
-4.379895592110719917e+03
-4.379895592110719917e+03
-4.379679091605339636e+03
-4.379742815955530205e+03
-4.379742815955530205e+03
-4.379683178243220027e+03
-4.379507390398020107e+03
-4.379507390398020107e+03
-4.379496243057789798e+03
-4.379496243057789798e+03
-4.379496243057789798e+03
-4.379496243057789798e+03
-4.379496243057789798e+03
-4.379553289493110242e+03
-4.379681623684999977e+03
-4.379870678924709864e+03
-4.379870678924709864e+03
-4.379870678924709864e+03
-4.380030352227709955e+03
-4.380030352227709955e+03
-4.380030352227709955e+03
-4.380030352227709955e+03
-4.379941818420110394e+03
-4.379982631871390367e+03
-4.379982631871390367e+03
-4.379982631871390367e+03
-4.379982631871390367e+03
-4.379982631871390367e+03
-4.379982631871390367e+03
-4.380005745088929871e+03
-4.380005745088929871e+03
-4.380005745088929871e+03
-4.380099479899659855e+03
-4.380099479899659855e+03
-4.380005840040959811e+03
-4.380005840040959811e+03
-4.380005840040959811e+03
-4.380005840040959811e+03
-4.380238956547439557e+03
-4.380176909707600316e+03
-4.380176909707600316e+03
-4.380176909707600316e+03
-4.380176909707600316e+03
-4.380093069512589864e+03
-4.380093069512589864e+03
-4.380093069512589864e+03
-4.380093069512589864e+03
-4.380093069512589864e+03
-4.380093069512589864e+03
-4.380093069512589864e+03
-4.380093069512589864e+03
-4.380093069512589864e+03
-4.380093069512589864e+03
-4.380056945870829622e+03
-4.380056945870829622e+03
-4.380056945870829622e+03
-4.380056945870829622e+03
-4.380056945870829622e+03
-4.380183642768040045e+03
-4.380183642768040045e+03
-4.380183642768040045e+03
-4.380183642768040045e+03
-4.380183642768040045e+03
-4.380183642768040045e+03
-4.380183642768040045e+03
-4.380295143632140025e+03
-4.380195087129050080e+03
-4.380195087129050080e+03
-4.380287266672919941e+03
-4.380287266672919941e+03
-4.380287266672919941e+03
-4.380316440595600398e+03
-4.380316440595600398e+03
-4.380316440595600398e+03
-4.380329930005130336e+03
-4.380329930005130336e+03
-4.380329930005130336e+03
-4.380329930005130336e+03
-4.380506252533399675e+03
-4.380506252533399675e+03
-4.380506252533399675e+03
-4.380422722367239658e+03
-4.380402613785970061e+03
-4.380402613785970061e+03
-4.380402613785970061e+03
-4.380402613785970061e+03
-4.380402613785970061e+03
-4.380402613785970061e+03
-4.380355146338770282e+03
-4.380361197217580411e+03
-4.380404289327650076e+03
-4.380481800166719950e+03
-4.380264133165739622e+03
-4.380266114166020088e+03
-4.380266114166020088e+03
-4.380029807772610184e+03
-4.380029807772610184e+03
-4.380029807772610184e+03
-4.379852709279080045e+03
-4.379852709279080045e+03
-4.379852709279080045e+03
-4.379852709279080045e+03
-4.379852709279080045e+03
-4.379852709279080045e+03
-4.379832746192420018e+03
-4.379832746192420018e+03
-4.380026360531090177e+03
-4.379834334689549905e+03
-4.379834334689549905e+03
-4.379834334689549905e+03
-4.379681636181399881e+03
-4.379681636181399881e+03
-4.379638738917289629e+03
-4.379638738917289629e+03
-4.379638738917289629e+03
-4.379638738917289629e+03
-4.379638738917289629e+03
-4.379437511501550034e+03
-4.379437511501550034e+03
-4.379437511501550034e+03
-4.379332301505930445e+03
-4.379332301505930445e+03
-4.379332301505930445e+03
-4.379332301505930445e+03
-4.379332301505930445e+03
-4.379332301505930445e+03
-4.379332301505930445e+03
-4.379332301505930445e+03
-4.379332301505930445e+03
-4.379332301505930445e+03
-4.379332301505930445e+03
-4.379343608528960431e+03
-4.379343608528960431e+03
-4.379343608528960431e+03
-4.379343608528960431e+03
-4.379343608528960431e+03
-4.379343608528960431e+03
-4.379343608528960431e+03
-4.379343608528960431e+03
-4.379343608528960431e+03
-4.379343608528960431e+03
-4.379065357236509954e+03
-4.379150061972650292e+03
-4.379073431295530099e+03
-4.379073431295530099e+03
-4.379073431295530099e+03
-4.379073431295530099e+03
-4.379090171830500367e+03
-4.379090171830500367e+03
-4.379090171830500367e+03
-4.379090171830500367e+03
-4.378908506698019664e+03
-4.378908506698019664e+03
-4.378908506698019664e+03
-4.379008950680019552e+03
-4.378944077449519682e+03
-4.378944077449519682e+03
-4.378999450559639627e+03
-4.378888568412940003e+03
-4.378960296852300417e+03
-4.379042425460889717e+03
-4.379042425460889717e+03
-4.379042425460889717e+03
-4.378902911597810089e+03
-4.378902911597810089e+03
-4.378966222249369821e+03
-4.379044633162479840e+03
-4.378905224867459765e+03
-4.378905224867459765e+03
-4.378886307494570246e+03
-4.378886307494570246e+03
-4.378886307494570246e+03
-4.378528358027610011e+03
-4.378634741939439664e+03
-4.378655204584720195e+03
-4.378583439864990396e+03
-4.378531286040019950e+03
-4.378519521372189956e+03
-4.378519521372189956e+03
-4.378519521372189956e+03
-4.378685524936799993e+03
-4.378685524936799993e+03
-4.378685524936799993e+03
-4.378685524936799993e+03
-4.378788609497720245e+03
-4.378788609497720245e+03
-4.378788609497720245e+03
-4.378788609497720245e+03
-4.378788609497720245e+03
-4.378726579677830159e+03
-4.378726579677830159e+03
-4.378726579677830159e+03
-4.378726579677830159e+03
-4.378726579677830159e+03
-4.378726579677830159e+03
-4.379082023934909557e+03
-4.379082023934909557e+03
-4.378992469736719613e+03
-4.378992469736719613e+03
-4.378992469736719613e+03
-4.378992469736719613e+03
-4.378992469736719613e+03
-4.378891104853280012e+03
-4.378891104853280012e+03
-4.378891104853280012e+03
-4.378577042222100317e+03
-4.378577042222100317e+03
-4.378577042222100317e+03
-4.378680160928550322e+03
-4.378680160928550322e+03
-4.378680160928550322e+03
-4.378680160928550322e+03
-4.378680160928550322e+03
-4.378680160928550322e+03
-4.378415693141389966e+03
-4.378415693141389966e+03
-4.378415693141389966e+03
-4.378197481887030335e+03
-4.378197481887030335e+03
-4.378197481887030335e+03
-4.378137912468239847e+03
-4.378137912468239847e+03
-4.378137912468239847e+03
-4.378224238570979651e+03
-4.378224238570979651e+03
-4.378224238570979651e+03
-4.378224238570979651e+03
-4.378224238570979651e+03
-4.378233620937119667e+03
-4.378224236836709679e+03
-4.378148774218309882e+03
-4.378148774218309882e+03
-4.377972415588789772e+03
-4.377972415588789772e+03
-4.377972415588789772e+03
-4.377972415588789772e+03
-4.377972415588789772e+03
-4.377972415588789772e+03
-4.377972415588789772e+03
-4.377972415588789772e+03
-4.377972415588789772e+03
-4.377972415588789772e+03
-4.377972415588789772e+03
-4.377972415588789772e+03
-4.377972415588789772e+03
-4.377972415588789772e+03
-4.377972415588789772e+03
-4.377893882082040363e+03
-4.377885357558649957e+03
-4.377885357558649957e+03
-4.377885357558649957e+03
-4.377885357558649957e+03
-4.377885357558649957e+03
-4.377804232402510024e+03
-4.377804232402510024e+03
-4.377804232402510024e+03
-4.377804232402510024e+03
-4.377804232402510024e+03
-4.377804232402510024e+03
-4.377964899695880376e+03
-4.377964899695880376e+03
-4.377964899695880376e+03
-4.377964899695880376e+03
-4.377964899695880376e+03
-4.377964899695880376e+03
-4.377902577439779634e+03
-4.377902577439779634e+03
-4.377902577439779634e+03
-4.377970643611580272e+03
-4.377970643611580272e+03
-4.377970643611580272e+03
-4.377970643611580272e+03
-4.377990636538629587e+03
-4.377745469227569629e+03
-4.377745469227569629e+03
-4.377745469227569629e+03
-4.377729653592669820e+03
-4.377729653592669820e+03
-4.377779102282989697e+03
-4.377779102282989697e+03
-4.377779102282989697e+03
-4.377779102282989697e+03
-4.377779102282989697e+03
-4.377779102282989697e+03
-4.377779102282989697e+03
-4.377717858402220372e+03
-4.377581567831190114e+03
-4.377581567831190114e+03
-4.377581567831190114e+03
-4.377545006056980128e+03
-4.377545006056980128e+03
-4.377545006056980128e+03
-4.377545006056980128e+03
-4.377545006056980128e+03
-4.377545006056980128e+03
-4.377545006056980128e+03
-4.377473729988550076e+03
-4.377473729988550076e+03
-4.377473729988550076e+03
-4.377422756354149897e+03
-4.377422756354149897e+03
-4.377422756354149897e+03
-4.377422756354149897e+03
-4.377422756354149897e+03
-4.377422756354149897e+03
-4.377422756354149897e+03
-4.377422756354149897e+03
-4.377362331682649710e+03
-4.377362331682649710e+03
-4.377362331682649710e+03
-4.377325932811940220e+03
-4.377358456571920215e+03
-4.377442859956629945e+03
-4.377442859956629945e+03
-4.377336095332109835e+03
-4.377177762883879950e+03
-4.377211662042070202e+03
-4.377211662042070202e+03
-4.377211662042070202e+03
-4.376913834793140268e+03
-4.376913834793140268e+03
-4.377250219918610128e+03
-4.377250219918610128e+03
-4.377250219918610128e+03
-4.377246616205619830e+03
-4.377252443548300107e+03
-4.377175362812279673e+03
-4.377175362812279673e+03
-4.377175362812279673e+03
-4.377175362812279673e+03
-4.377045350962040175e+03
-4.377045350962040175e+03
-4.377045350962040175e+03
-4.377045350962040175e+03
-4.377045350962040175e+03
-4.377045350962040175e+03
-4.377045350962040175e+03
-4.377045350962040175e+03
-4.377045350962040175e+03
-4.377045350962040175e+03
-4.377045350962040175e+03
-4.377045350962040175e+03
-4.377045350962040175e+03
-4.377054134488330419e+03
-4.377054134488330419e+03
-4.377056923066509626e+03
-4.377056923066509626e+03
-4.377056923066509626e+03
-4.377036709308140416e+03
-4.377027575363270444e+03
-4.377027575363270444e+03
-4.377077103514870032e+03
-4.377077103514870032e+03
-4.377077103514870032e+03
-4.377077103514870032e+03
-4.377077103514870032e+03
-4.377077103514870032e+03
-4.377077103514870032e+03
-4.377077103514870032e+03
-4.377252691314230105e+03
-4.377252691314230105e+03
-4.377200745577049929e+03
-4.377200745577049929e+03
-4.377247602929999630e+03
-4.377247602929999630e+03
-4.376967854540240296e+03
-4.377033979136530434e+03
-4.377033979136530434e+03
-4.377033979136530434e+03
-4.376778143167060080e+03
-4.376854738656829795e+03
-4.376854738656829795e+03
-4.376854738656829795e+03
-4.376854738656829795e+03
-4.376854738656829795e+03
-4.376854738656829795e+03
-4.376982072890409654e+03
-4.377297468053489865e+03
-4.377225709637929867e+03
-4.377225709637929867e+03
-4.377122920478450396e+03
-4.377122920478450396e+03
-4.377122920478450396e+03
-4.377122920478450396e+03
-4.377122920478450396e+03
-4.377122920478450396e+03
-4.377122920478450396e+03
-4.377122920478450396e+03
-4.377122920478450396e+03
-4.377122920478450396e+03
-4.377310765750000428e+03
-4.377383011966770027e+03
-4.377383011966770027e+03
-4.377383011966770027e+03
-4.377383011966770027e+03
-4.377383011966770027e+03
-4.377383011966770027e+03
-4.377383011966770027e+03
-4.377473412858649681e+03
-4.377430793744810217e+03
-4.377440342192179742e+03
-4.377440342192179742e+03
-4.377584154606220181e+03
-4.377584154606220181e+03
-4.377716149815249992e+03
-4.377651962957959768e+03
-4.377804704557759578e+03
-4.378040411490180304e+03
-4.378040411490180304e+03
-4.378106310790630232e+03
-4.378106310790630232e+03
-4.378106310790630232e+03
-4.378106310790630232e+03
-4.378172524334239824e+03
-4.378172524334239824e+03
-4.378172524334239824e+03
-4.378287306316449758e+03
-4.378132756657850223e+03
-4.378132756657850223e+03
-4.377720981592779935e+03
-4.377812242336340205e+03
-4.377812242336340205e+03
-4.378050805803620278e+03
-4.378050805803620278e+03
-4.378050805803620278e+03
-4.377996653607890039e+03
-4.377996653607890039e+03
-4.377996653607890039e+03
-4.377992967897609560e+03
-4.377885873975889808e+03
-4.377885873975889808e+03
-4.377885873975889808e+03
-4.377885873975889808e+03
-4.377909945356639582e+03
-4.377909945356639582e+03
-4.377907455824270073e+03
-4.377907455824270073e+03
-4.377994635571730214e+03
-4.377994635571730214e+03
-4.377967302407129864e+03
-4.377785588869540334e+03
-4.377820302650279700e+03
-4.377787518153840210e+03
-4.377787518153840210e+03
-4.377787518153840210e+03
-4.377787518153840210e+03
-4.377841281098980289e+03
-4.377841281098980289e+03
-4.377841281098980289e+03
-4.378000032851149626e+03
-4.378000032851149626e+03
-4.377960296036640102e+03
-4.377924446094820269e+03
-4.378001695756330264e+03
-4.378055321985750197e+03
-4.377935159581679727e+03
-4.377935159581679727e+03
-4.377866014437349804e+03
-4.377719765625740365e+03
-4.377548799860330291e+03
-4.377399891019439565e+03
-4.377367829776570034e+03
-4.377551685942539734e+03
-4.377576170246219590e+03
-4.377454009187060365e+03
-4.377454009187060365e+03
-4.377455310232059674e+03
-4.377455310232059674e+03
-4.377715752862690351e+03
-4.377715752862690351e+03
-4.377715752862690351e+03
-4.377715752862690351e+03
-4.377715752862690351e+03
-4.377715752862690351e+03
-4.377667058013799760e+03
-4.377667058013799760e+03
-4.377667058013799760e+03
-4.377667058013799760e+03
-4.377563283534220318e+03
-4.377563283534220318e+03
-4.377563283534220318e+03
-4.377618569774779644e+03
-4.377618569774779644e+03
-4.377618569774779644e+03
-4.377618569774779644e+03
-4.377618569774779644e+03
-4.377612556048209626e+03
-4.377612556048209626e+03
-4.377612556048209626e+03
-4.377636836412840239e+03
-4.377636836412840239e+03
-4.377642002862159643e+03
-4.377642002862159643e+03
-4.377642002862159643e+03
-4.377642002862159643e+03
-4.377620530081029756e+03
-4.377768504447510168e+03
-4.377768504447510168e+03
-4.377768504447510168e+03
-4.377768504447510168e+03
-4.377768504447510168e+03
-4.377768504447510168e+03
-4.377745483126490399e+03
-4.377745483126490399e+03
-4.377853099336300147e+03
-4.377819887649309749e+03
-4.377901082420199600e+03
-4.377901082420199600e+03
-4.377757331617220188e+03
-4.377592343293669728e+03
-4.377592343293669728e+03
-4.377592343293669728e+03
-4.377592343293669728e+03
-4.377555150681289888e+03
-4.377555150681289888e+03
-4.377555150681289888e+03
-4.377555150681289888e+03
-4.377555150681289888e+03
-4.377483236586040221e+03
-4.377480282046880347e+03
-4.377480282046880347e+03
-4.377399249358620182e+03
-4.377399249358620182e+03
-4.377303796144169610e+03
-4.377303796144169610e+03
-4.377193516858120347e+03
-4.377092919377379985e+03
-4.377092919377379985e+03
-4.377092919377379985e+03
-4.377092919377379985e+03
-4.377092919377379985e+03
-4.377092919377379985e+03
-4.377161755331820132e+03
-4.377143684868199671e+03
-4.377143684868199671e+03
-4.377143684868199671e+03
-4.377143684868199671e+03
-4.377143684868199671e+03
-4.377143684868199671e+03
-4.377536250928749723e+03
-4.377508366916359591e+03
-4.377508366916359591e+03
-4.377508366916359591e+03
-4.377516103025660414e+03
-4.377516103025660414e+03
-4.377522678013299810e+03
-4.377434854576439648e+03
-4.377579331044289574e+03
-4.377579331044289574e+03
-4.377585584913999810e+03
-4.377585584913999810e+03
-4.377585584913999810e+03
-4.377585584913999810e+03
-4.377585584913999810e+03
-4.377585584913999810e+03
-4.377585584913999810e+03
-4.377585584913999810e+03
-4.377768243192689624e+03
-4.377768243192689624e+03
-4.377768243192689624e+03
-4.377553887221170044e+03
-4.377553887221170044e+03
-4.377553887221170044e+03
-4.377553887221170044e+03
-4.377553887221170044e+03
-4.377553887221170044e+03
-4.377450638513610102e+03
-4.377450638513610102e+03
-4.377450638513610102e+03
-4.377426780484530354e+03
-4.377426780484530354e+03
-4.377426780484530354e+03
-4.377426780484530354e+03
-4.377487782987550418e+03
-4.377487782987550418e+03
-4.377487782987550418e+03
-4.377396071694949569e+03
-4.377396071694949569e+03
-4.377396071694949569e+03
-4.377396071694949569e+03
-4.377396071694949569e+03
-4.377396071694949569e+03
-4.377396071694949569e+03
-4.377372068830110038e+03
-4.377372068830110038e+03
-4.377372068830110038e+03
-4.377372068830110038e+03
-4.377331801106880448e+03
-4.377358772977830085e+03
-4.377359015707050276e+03
-4.377359015707050276e+03
-4.377205257846029781e+03
-4.376931991173570168e+03
-4.376948622693230391e+03
-4.376948622693230391e+03
-4.376979000894410092e+03
-4.376979000894410092e+03
-4.376979000894410092e+03
-4.377097780188960314e+03
-4.377125442846750047e+03
-4.377035636246059767e+03
-4.376937500008850293e+03
-4.376862959031140235e+03
-4.376862959031140235e+03
-4.376862959031140235e+03
-4.377015319325840210e+03
-4.377015319325840210e+03
-4.377015319325840210e+03
-4.376929325309510205e+03
-4.376929325309510205e+03
-4.376929325309510205e+03
-4.376929325309510205e+03
-4.376929325309510205e+03
-4.376929325309510205e+03
-4.376929325309510205e+03
-4.376929325309510205e+03
-4.376964082521760247e+03
-4.376964082521760247e+03
-4.376980418226929942e+03
-4.376980418226929942e+03
-4.376980418226929942e+03
-4.376980418226929942e+03
-4.376980418226929942e+03
-4.376980418226929942e+03
-4.377010428357900309e+03
-4.377026194251229754e+03
-4.377026194251229754e+03
-4.376825479644299776e+03
-4.376825479644299776e+03
-4.376825479644299776e+03
-4.376825479644299776e+03
-4.376826800766960332e+03
-4.376826800766960332e+03
-4.376826800766960332e+03
-4.376826800766960332e+03
-4.376826800766960332e+03
-4.376826800766960332e+03
-4.376823635969790303e+03
-4.376823635969790303e+03
-4.376924834726400150e+03
-4.376969260317519911e+03
-4.376853744511749937e+03
-4.376853744511749937e+03
-4.376853744511749937e+03
-4.376853744511749937e+03
-4.376907640555090438e+03
-4.376907640555090438e+03
-4.376907640555090438e+03
-4.376907640555090438e+03
-4.376911155677259558e+03
-4.376883698170489879e+03
-4.376947525477000454e+03
-4.376897792780659984e+03
-4.376897792780659984e+03
-4.376897792780659984e+03
-4.376929774622890363e+03
-4.376929774622890363e+03
-4.376889877596099723e+03
-4.376855085238010361e+03
-4.376855085238010361e+03
-4.376584051899860242e+03
-4.376555460062930251e+03
-4.376630798102490189e+03
-4.376465845189200081e+03
-4.376463401150490427e+03
-4.376313372482880368e+03
-4.376357361544170089e+03
-4.376357361544170089e+03
-4.376415628522860061e+03
-4.376536347585200019e+03
-4.376536347585200019e+03
-4.376572654905059608e+03
-4.376572654905059608e+03
-4.376634056080410119e+03
-4.376634056080410119e+03
-4.376634056080410119e+03
-4.376634056080410119e+03
-4.376634056080410119e+03
-4.376922131560800153e+03
-4.376922131560800153e+03
-4.376922131560800153e+03
-4.376922131560800153e+03
-4.376887928303120134e+03
-4.376887928303120134e+03
-4.376837998855629849e+03
-4.376837998855629849e+03
-4.376837998855629849e+03
-4.376837998855629849e+03
-4.376837998855629849e+03
-4.376837998855629849e+03
-4.376837998855629849e+03
-4.376845424470790022e+03
-4.376818425382830355e+03
-4.376651663110539630e+03
-4.376651663110539630e+03
-4.376651663110539630e+03
-4.376651663110539630e+03
-4.376651663110539630e+03
-4.376651663110539630e+03
-4.376804576878420448e+03
-4.376889463426119619e+03
-4.376889463426119619e+03
-4.376675146831479651e+03
-4.376635926782229944e+03
-4.376681183053179666e+03
-4.376660551774640226e+03
-4.376646449425489664e+03
-4.376646449425489664e+03
-4.376710836439209743e+03
-4.376722722399539634e+03
-4.376722722399539634e+03
-4.376722722399539634e+03
-4.376722722399539634e+03
-4.376722722399539634e+03
-4.376861591509849859e+03
-4.377025163345439978e+03
-4.377025163345439978e+03
-4.376966716374499811e+03
-4.376966716374499811e+03
-4.376981150433850416e+03
-4.376981150433850416e+03
-4.377115075766490008e+03
-4.377115075766490008e+03
-4.377174699837930348e+03
-4.377174699837930348e+03
-4.377174699837930348e+03
-4.377174699837930348e+03
-4.377195055776759546e+03
-4.377103885608519704e+03
-4.377103885608519704e+03
-4.377103885608519704e+03
-4.377103885608519704e+03
-4.377549660218690406e+03
-4.377549660218690406e+03
-4.377549660218690406e+03
-4.377549660218690406e+03
-4.377549660218690406e+03
-4.377549660218690406e+03
-4.377549660218690406e+03
-4.377549660218690406e+03
-4.377754461222059945e+03
-4.377754461222059945e+03
-4.377684634390800056e+03
-4.377684634390800056e+03
-4.377684634390800056e+03
-4.377684634390800056e+03
-4.377689718875720246e+03
-4.377599433141859663e+03
-4.377599433141859663e+03
-4.377448619014579890e+03
-4.377396652707800058e+03
-4.377781441212679965e+03
-4.377780476037860353e+03
-4.377780476037860353e+03
-4.377780476037860353e+03
-4.377907554364779571e+03
-4.377907554364779571e+03
-4.377907554364779571e+03
-4.377897676176549794e+03
-4.377897676176549794e+03
-4.377778363006789732e+03
-4.377778363006789732e+03
-4.377778363006789732e+03
-4.377741276465540068e+03
-4.377795018552369584e+03
-4.377795018552369584e+03
-4.377603579318620177e+03
-4.377602410543519909e+03
-4.377602410543519909e+03
-4.377602410543519909e+03
-4.377602410543519909e+03
-4.377602410543519909e+03
-4.377738890606549830e+03
-4.377738890606549830e+03
-4.377614560932839595e+03
-4.377614560932839595e+03
-4.377614560932839595e+03
-4.377614560932839595e+03
-4.377614560932839595e+03
-4.377628718346360074e+03
-4.377688644172460045e+03
-4.377688644172460045e+03
-4.377688644172460045e+03
-4.377688644172460045e+03
-4.377688644172460045e+03
-4.377688644172460045e+03
-4.377688644172460045e+03
-4.377523258467470441e+03
-4.377545553191759609e+03
-4.377545553191759609e+03
-4.377545553191759609e+03
-4.377545553191759609e+03
-4.377545553191759609e+03
-4.377545553191759609e+03
-4.377545553191759609e+03
-4.377714860042269720e+03
-4.377715124883629869e+03
-4.377715124883629869e+03
-4.377715124883629869e+03
-4.377715124883629869e+03
-4.377858535073750318e+03
-4.377827815042670409e+03
-4.377827815042670409e+03
-4.377813543655400281e+03
-4.377619022317209783e+03
-4.377613430289159623e+03
-4.377613430289159623e+03
-4.377198534178150112e+03
-4.377191088578189920e+03
-4.377191088578189920e+03
-4.377238106980519660e+03
-4.377204006117390236e+03
-4.377204006117390236e+03
-4.377204006117390236e+03
-4.377188249406740397e+03
-4.377188249406740397e+03
-4.377420402057309730e+03
-4.377420402057309730e+03
-4.377394111048400191e+03
-4.377439847428880057e+03
-4.377439847428880057e+03
-4.377439847428880057e+03
-4.377536116420290455e+03
-4.377489313688380207e+03
-4.377489313688380207e+03
-4.377511813869729849e+03
-4.377511813869729849e+03
-4.377511813869729849e+03
-4.377511813869729849e+03
-4.377511813869729849e+03
-4.377511813869729849e+03
-4.377511813869729849e+03
-4.377511813869729849e+03
-4.377511813869729849e+03
-4.377511813869729849e+03
-4.377511813869729849e+03
-4.377512694694970378e+03
-4.377639077716209613e+03
-4.377614422908630331e+03
-4.377614422908630331e+03
-4.377614422908630331e+03
-4.377614422908630331e+03
-4.377614422908630331e+03
-4.377614422908630331e+03
-4.377635498055489734e+03
-4.377635498055489734e+03
-4.377577259426790079e+03
-4.377519880237940015e+03
-4.377498140085630439e+03
-4.377409484451390199e+03
-4.377409484451390199e+03
-4.377415398478109637e+03
-4.377415398478109637e+03
-4.377296729405139558e+03
-4.377296729405139558e+03
-4.377296729405139558e+03
-4.377251617390429601e+03
-4.377333274283540050e+03
-4.377333274283540050e+03
-4.377333274283540050e+03
-4.377333274283540050e+03
-4.377333274283540050e+03
-4.377298306701000001e+03
-4.377390447205039891e+03
-4.377390447205039891e+03
-4.377390447205039891e+03
-4.377390447205039891e+03
-4.377390447205039891e+03
-4.377342180435210139e+03
-4.377342180435210139e+03
-4.377342180435210139e+03
-4.377342180435210139e+03
-4.377342180435210139e+03
-4.377240247125560018e+03
-4.377240247125560018e+03
-4.377390034188560094e+03
-4.377390034188560094e+03
-4.377390034188560094e+03
-4.377390034188560094e+03
-4.377387720672730211e+03
-4.377387720672730211e+03
-4.377266921518539675e+03
-4.377273903077970317e+03
-4.377273903077970317e+03
-4.377273903077970317e+03
-4.377251396161619596e+03
-4.377251396161619596e+03
-4.377251396161619596e+03
-4.377098366121430445e+03
-4.377098366121430445e+03
-4.377098366121430445e+03
-4.377098366121430445e+03
-4.377098366121430445e+03
-4.377066256984069696e+03
-4.377171525140250196e+03
-4.377171525140250196e+03
-4.377067905569580034e+03
-4.377122529674979887e+03
-4.377383350782900379e+03
-4.377383350782900379e+03
-4.377383350782900379e+03
-4.377383350782900379e+03
-4.377265611644559613e+03
-4.377207103838610237e+03
-4.377558672304129686e+03
-4.377719670718889574e+03
-4.377719670718889574e+03
-4.377719670718889574e+03
-4.377639771915980418e+03
-4.377639771915980418e+03
-4.377639771915980418e+03
-4.377805698365609715e+03
-4.377805698365609715e+03
-4.377805698365609715e+03
-4.377805698365609715e+03
-4.377878203501870303e+03
-4.377843341124030303e+03
-4.377707671058979940e+03
-4.377707671058979940e+03
-4.377623471290699854e+03
-4.377623471290699854e+03
-4.377716582542299875e+03
-4.377716582542299875e+03
-4.377735609843040038e+03
-4.377666033256899937e+03
-4.377666033256899937e+03
-4.377666033256899937e+03
-4.377579531828199833e+03
-4.377579531828199833e+03
-4.377539903143449919e+03
-4.377539903143449919e+03
-4.377519750717479837e+03
-4.377519750717479837e+03
-4.377436967937799636e+03
-4.377436967937799636e+03
-4.377436967937799636e+03
-4.377363146580730245e+03
-4.377363146580730245e+03
-4.377363146580730245e+03
-4.377363146580730245e+03
-4.377363146580730245e+03
-4.377533928076890334e+03
-4.377533928076890334e+03
-4.377533928076890334e+03
-4.377533928076890334e+03
-4.377533928076890334e+03
-4.377533928076890334e+03
-4.377431894195219684e+03
-4.377431894195219684e+03
-4.377431894195219684e+03
-4.377431894195219684e+03
-4.377404694452889999e+03
-4.377453422026859698e+03
-4.377499983717440045e+03
-4.377499983717440045e+03
-4.377663784379169556e+03
-4.377663784379169556e+03
-4.377917600941809724e+03
-4.378013195384160099e+03
-4.378013195384160099e+03
-4.377930595820599592e+03
-4.377930595820599592e+03
-4.377980606289809657e+03
-4.377980606289809657e+03
-4.377980606289809657e+03
-4.378051653269640155e+03
-4.378051653269640155e+03
-4.378051653269640155e+03
-4.378051653269640155e+03
-4.378000665475959977e+03
-4.377875611713389844e+03
-4.377767726333219798e+03
-4.377767726333219798e+03
-4.377767726333219798e+03
-4.377879490342489589e+03
-4.377825665846499760e+03
-4.377825665846499760e+03
-4.377825665846499760e+03
-4.377653305832670412e+03
-4.377653305832670412e+03
-4.377653305832670412e+03
-4.377653305832670412e+03
-4.377653305832670412e+03
-4.377653305832670412e+03
-4.377653305832670412e+03
-4.377755349780190045e+03
-4.377755349780190045e+03
-4.377929911040409934e+03
-4.377929911040409934e+03
-4.377929911040409934e+03
-4.377929911040409934e+03
-4.377929911040409934e+03
-4.377929911040409934e+03
-4.377929911040409934e+03
-4.378055897758979881e+03
-4.378009188838859700e+03
-4.378009188838859700e+03
-4.377931037459269646e+03
-4.377931037459269646e+03
-4.377931037459269646e+03
-4.377931037459269646e+03
-4.377945365161610425e+03
-4.377945365161610425e+03
-4.377945365161610425e+03
-4.377945365161610425e+03
-4.378061186589109639e+03
-4.378061186589109639e+03
-4.378061186589109639e+03
-4.377986627736209812e+03
-4.377999385777930001e+03
-4.377999385777930001e+03
-4.377999385777930001e+03
-4.377999385777930001e+03
-4.377879211910700178e+03
-4.377879211910700178e+03
-4.377879211910700178e+03
-4.377879211910700178e+03
-4.377880619554110126e+03
-4.378060603164140048e+03
-4.378060603164140048e+03
-4.378060603164140048e+03
-4.378127456139969581e+03
-4.378127456139969581e+03
-4.378127456139969581e+03
-4.378077024899589560e+03
-4.377709068107659732e+03
-4.377709068107659732e+03
-4.377709068107659732e+03
-4.377691509958999632e+03
-4.377700521218709582e+03
-4.377700521218709582e+03
-4.377645993066949814e+03
-4.377810527293329869e+03
-4.377810527293329869e+03
-4.377752696044150071e+03
-4.377634253091409846e+03
-4.377604348827660033e+03
-4.377712673261259624e+03
-4.377906867598559984e+03
-4.377906867598559984e+03
-4.377906867598559984e+03
-4.377906867598559984e+03
-4.377906867598559984e+03
-4.377906867598559984e+03
-4.377906867598559984e+03
-4.377906867598559984e+03
-4.377887246708090061e+03
-4.378084710792830265e+03
-4.378149505270959708e+03
-4.378149505270959708e+03
-4.378149505270959708e+03
-4.378149505270959708e+03
-4.378149505270959708e+03
-4.378261789285070336e+03
-4.378364378621309697e+03
-4.378350022204310335e+03
-4.378350022204310335e+03
-4.378350022204310335e+03
-4.378350022204310335e+03
-4.378291224647669878e+03
-4.378236155448999853e+03
-4.378236155448999853e+03
-4.378202578628130141e+03
-4.378202578628130141e+03
-4.378202578628130141e+03
-4.378069566203180329e+03
-4.378166150324090268e+03
-4.378166150324090268e+03
-4.378162675951210076e+03
-4.378168918546770328e+03
-4.378168918546770328e+03
-4.378364545172599719e+03
-4.378446291214099801e+03
-4.378455003076809589e+03
-4.378403853013550361e+03
-4.378206587660710284e+03
-4.378206587660710284e+03
-4.378378614320239649e+03
-4.378402501047809892e+03
-4.378402501047809892e+03
-4.378402501047809892e+03
-4.378402501047809892e+03
-4.378402501047809892e+03
-4.378402501047809892e+03
-4.378312487474499903e+03
-4.378312487474499903e+03
-4.378312487474499903e+03
-4.378192465368710145e+03
-4.378192465368710145e+03
-4.378192465368710145e+03
-4.378192465368710145e+03
-4.378192465368710145e+03
-4.378192465368710145e+03
-4.378199660793409748e+03
-4.378245960625919906e+03
-4.378215123530660094e+03
-4.378215123530660094e+03
-4.378192907165200268e+03
-4.378221143650000158e+03
-4.378221143650000158e+03
-4.378232134575649980e+03
-4.378232134575649980e+03
-4.378232134575649980e+03
-4.378232134575649980e+03
-4.378232134575649980e+03
-4.378232134575649980e+03
-4.378311001311280052e+03
-4.378369465073699757e+03
-4.378328657159399881e+03
-4.378328657159399881e+03
-4.378328657159399881e+03
-4.378328657159399881e+03
-4.378328657159399881e+03
-4.378112445190499784e+03
-4.378112445190499784e+03
-4.377927550434449586e+03
-4.377927550434449586e+03
-4.377748936261120434e+03
-4.377748936261120434e+03
-4.377748936261120434e+03
-4.377748936261120434e+03
-4.377770873438090348e+03
-4.377770873438090348e+03
-4.377770873438090348e+03
-4.377702734730650263e+03
-4.377702734730650263e+03
-4.377701498297989929e+03
-4.377701498297989929e+03
-4.377701498297989929e+03
-4.377796905891849747e+03
-4.377796905891849747e+03
-4.377796905891849747e+03
-4.377796905891849747e+03
-4.377942840290499589e+03
-4.377772255265450440e+03
-4.377772255265450440e+03
-4.377854744339660101e+03
-4.377772825109230325e+03
-4.377772825109230325e+03
-4.377772825109230325e+03
-4.377541145288810185e+03
-4.377541145288810185e+03
-4.377541145288810185e+03
-4.377541145288810185e+03
-4.377394915935339668e+03
-4.377394915935339668e+03
-4.377753354921919708e+03
-4.377753354921919708e+03
-4.377690656895740176e+03
-4.377690656895740176e+03
-4.377690656895740176e+03
-4.377690656895740176e+03
-4.377690656895740176e+03
-4.377690656895740176e+03
-4.377659238078150338e+03
-4.377659238078150338e+03
-4.377659238078150338e+03
-4.377721055400779733e+03
-4.377750320318939885e+03
-4.377750320318939885e+03
-4.377750320318939885e+03
-4.377730063375000100e+03
-4.377730063375000100e+03
-4.377730063375000100e+03
-4.377718754392630217e+03
-4.377718754392630217e+03
-4.377718754392630217e+03
-4.377718610158810407e+03
-4.377718610158810407e+03
-4.377769232066309996e+03
-4.377769232066309996e+03
-4.377769232066309996e+03
-4.377705638960789656e+03
-4.377617610261980190e+03
-4.377697088022800017e+03
-4.377729917152199960e+03
-4.377723552231599569e+03
-4.377723552231599569e+03
-4.377723552231599569e+03
-4.377853372182929888e+03
-4.377853372182929888e+03
-4.377853372182929888e+03
-4.377853372182929888e+03
-4.377853372182929888e+03
-4.377853372182929888e+03
-4.377853372182929888e+03
-4.377891277651379824e+03
-4.377875060241570282e+03
-4.377875060241570282e+03
-4.377891541159369808e+03
-4.377973001926229699e+03
-4.377922098397940317e+03
-4.377922098397940317e+03
-4.377922098397940317e+03
-4.378011749685239920e+03
-4.378011749685239920e+03
-4.378011749685239920e+03
-4.378011749685239920e+03
-4.378032490885109837e+03
-4.378234491471300316e+03
-4.378220356082179933e+03
-4.378316400726350366e+03
-4.378504309029979595e+03
-4.378504309029979595e+03
-4.378504309029979595e+03
-4.378504309029979595e+03
-4.378504309029979595e+03
-4.378504309029979595e+03
-4.378504309029979595e+03
-4.378504309029979595e+03
-4.378453430521200062e+03
-4.378620570265529750e+03
-4.378620570265529750e+03
-4.378620570265529750e+03
-4.378620570265529750e+03
-4.378599719417839879e+03
-4.378599719417839879e+03
-4.378599719417839879e+03
-4.378599719417839879e+03
-4.378599719417839879e+03
-4.378134723392019623e+03
-4.377847644416729963e+03
-4.377934122597220266e+03
-4.377934122597220266e+03
-4.377934122597220266e+03
-4.377934122597220266e+03
-4.378062578834250417e+03
-4.378062578834250417e+03
-4.378138416028359643e+03
-4.378138416028359643e+03
-4.378311873913809904e+03
-4.378311873913809904e+03
-4.378311873913809904e+03
-4.378543085174090265e+03
-4.378543085174090265e+03
-4.378543085174090265e+03
-4.378523193264750262e+03
-4.378625626752919743e+03
-4.378625626752919743e+03
-4.378557307045770358e+03
-4.378345617653690169e+03
-4.378345617653690169e+03
-4.378378475041989986e+03
-4.378378475041989986e+03
-4.378378475041989986e+03
-4.378378475041989986e+03
-4.378378475041989986e+03
-4.378378475041989986e+03
-4.378475416847700217e+03
-4.378567686175950257e+03
-4.378567686175950257e+03
-4.378567686175950257e+03
-4.378323318807229953e+03
-4.378323318807229953e+03
-4.378323318807229953e+03
-4.378323318807229953e+03
-4.378323318807229953e+03
-4.378175382412819999e+03
-4.378175382412819999e+03
-4.378175382412819999e+03
-4.378175382412819999e+03
-4.378175382412819999e+03
-4.378127964628730297e+03
-4.378127964628730297e+03
-4.378127964628730297e+03
-4.378127964628730297e+03
-4.378127964628730297e+03
-4.378127964628730297e+03
-4.378127964628730297e+03
-4.378127964628730297e+03
-4.378127964628730297e+03
-4.378163453576799839e+03
-4.378163453576799839e+03
-4.378163453576799839e+03
-4.378259679459910330e+03
-4.378259679459910330e+03
-4.378259679459910330e+03
-4.378259679459910330e+03
-4.378259679459910330e+03
-4.378259679459910330e+03
-4.378259679459910330e+03
-4.378193384072809749e+03
-4.378193384072809749e+03
-4.378228760653520112e+03
-4.378228760653520112e+03
-4.378228760653520112e+03
-4.378228760653520112e+03
-4.378199904121270265e+03
-4.378199904121270265e+03
-4.378199904121270265e+03
-4.378097049306319605e+03
-4.378572843433170419e+03
-4.378572843433170419e+03
-4.378572843433170419e+03
-4.378640163175629823e+03
-4.378749910606919912e+03
-4.378490117111549807e+03
-4.378490117111549807e+03
-4385.7879385777
