-4.567151624549619555e+03
-4.567151624549619555e+03
-4.567151624549619555e+03
-4.567151624549619555e+03
-4.567151624549619555e+03
-4.567126023327709845e+03
-4.567138049895889708e+03
-4.567099395862799611e+03
-4.566875051778510169e+03
-4.567136813683269793e+03
-4.567145147936180365e+03
-4.567325459097090061e+03
-4.567325459097090061e+03
-4.567316217727169715e+03
-4.567397001208440088e+03
-4.567424717459050044e+03
-4.567424717459050044e+03
-4.567448151982680429e+03
-4.567448151982680429e+03
-4.567520906247399580e+03
-4.567520906247399580e+03
-4.567541716142180121e+03
-4.567541716142180121e+03
-4.567550973936969967e+03
-4.567550973936969967e+03
-4.567612055297639927e+03
-4.567612055297639927e+03
-4.567644832810379739e+03
-4.567618233164160301e+03
-4.567838006721890451e+03
-4.568040580319079709e+03
-4.568040580319079709e+03
-4.567923214339140031e+03
-4.567923214339140031e+03
-4.567923214339140031e+03
-4.567950643890740139e+03
-4.567950643890740139e+03
-4.567950643890740139e+03
-4.568136176346530192e+03
-4.568270942275229572e+03
-4.568361865311990186e+03
-4.568735484599859774e+03
-4.568845883076190148e+03
-4.568925724636180348e+03
-4.568925724636180348e+03
-4.568925724636180348e+03
-4.568679861446090399e+03
-4.568764161190169943e+03
-4.568960979861800297e+03
-4.568890913670609734e+03
-4.568897673121379739e+03
-4.568897673121379739e+03
-4.569002161342889849e+03
-4.568915258075659949e+03
-4.568915258075659949e+03
-4.569240762776729753e+03
-4.569240762776729753e+03
-4.569144317200009937e+03
-4.569366557054950135e+03
-4.569349628949779799e+03
-4.569406949018050000e+03
-4.569508685844220054e+03
-4.569508685844220054e+03
-4.569430275613300182e+03
-4.569402103083550173e+03
-4.569559292166460182e+03
-4.569559292166460182e+03
-4.569559292166460182e+03
-4.569767743478199918e+03
-4.569789133401390245e+03
-4.569896722877299908e+03
-4.570013235758749943e+03
-4.570008818408599836e+03
-4.570022063337140025e+03
-4.570022063337140025e+03
-4.570067233334430057e+03
-4.570067233334430057e+03
-4.570022313623289847e+03
-4.570022313623289847e+03
-4.570028603909029698e+03
-4.570070531972840399e+03
-4.570114824345229863e+03
-4.570074099032150116e+03
-4.570247788331899756e+03
-4.570223241228400184e+03
-4.570327602979639778e+03
-4.570327602979639778e+03
-4.570261629202110271e+03
-4.570021758198539828e+03
-4.570030833508280011e+03
-4.570030833508280011e+03
-4.570081361634150198e+03
-4.570094399204709589e+03
-4.570094399204709589e+03
-4.570094399204709589e+03
-4.570094399204709589e+03
-4.570071031274420420e+03
-4.570071031274420420e+03
-4.570071031274420420e+03
-4.570027311283660310e+03
-4.570180425644100069e+03
-4.570274785962479655e+03
-4.570274785962479655e+03
-4.570274785962479655e+03
-4.570201064788229814e+03
-4.570201064788229814e+03
-4.570164281451459829e+03
-4.570301956007700028e+03
-4.570301956007700028e+03
-4.570301956007700028e+03
-4.570301956007700028e+03
-4.570301956007700028e+03
-4.570305689924700346e+03
-4.570305689924700346e+03
-4.570233404594209787e+03
-4.570233404594209787e+03
-4.570297325719339824e+03
-4.570441417231960259e+03
-4.570524875345279725e+03
-4.570675143478049904e+03
-4.570675143478049904e+03
-4.570675143478049904e+03
-4.570675143478049904e+03
-4.570675143478049904e+03
-4.570675143478049904e+03
-4.570729452847140237e+03
-4.570729452847140237e+03
-4.570779238750120385e+03
-4.570762687433330029e+03
-4.571013298178139848e+03
-4.571013298178139848e+03
-4.570939146077130317e+03
-4.571071791254220443e+03
-4.571071791254220443e+03
-4.570916512934850289e+03
-4.570903301885619840e+03
-4.570903301885619840e+03
-4.570903301885619840e+03
-4.570903301885619840e+03
-4.570903301885619840e+03
-4.570903301885619840e+03
-4.570903301885619840e+03
-4.570903301885619840e+03
-4.570903301885619840e+03
-4.570903301885619840e+03
-4.570903281910849728e+03
-4.570903281910849728e+03
-4.570903281910849728e+03
-4.570897502579699903e+03
-4.570998633537169553e+03
-4.570998633537169553e+03
-4.570998633537169553e+03
-4.570998633537169553e+03
-4.570998633537169553e+03
-4.570998633537169553e+03
-4.570894589433410147e+03
-4.570928159209390287e+03
-4.570928159209390287e+03
-4.570928159209390287e+03
-4.571181219825310109e+03
-4.571181219825310109e+03
-4.571269228459849728e+03
-4.571269228459849728e+03
-4.571375630987919976e+03
-4.571314891989990429e+03
-4.571314891989990429e+03
-4.571306490024389859e+03
-4.571306490024389859e+03
-4.571526480831459594e+03
-4.571621725090119980e+03
-4.571621725090119980e+03
-4.571621725090119980e+03
-4.571621725090119980e+03
-4.571621725090119980e+03
-4.571621725090119980e+03
-4.571621725090119980e+03
-4.571734643459580184e+03
-4.571734643459580184e+03
-4.571734643459580184e+03
-4.571845614664909590e+03
-4.571836100960250405e+03
-4.571841357719969892e+03
-4.571841357719969892e+03
-4.571953601709929899e+03
-4.572022895492629686e+03
-4.572022895492629686e+03
-4.572022895492629686e+03
-4.572022895492629686e+03
-4.572149940437429905e+03
-4.572267996413589572e+03
-4.572267996413589572e+03
-4.572267996413589572e+03
-4.572267996413589572e+03
-4.572267996413589572e+03
-4.572267996413589572e+03
-4.572267996413589572e+03
-4.572408913107020453e+03
-4.572457414569020330e+03
-4.572429627050139970e+03
-4.572429627050139970e+03
-4.572553423051729624e+03
-4.572553423051729624e+03
-4.572553423051729624e+03
-4.572747503481559761e+03
-4.572747503481559761e+03
-4.572825563562430034e+03
-4.572825563562430034e+03
-4.572782578746409854e+03
-4.572852518884269557e+03
-4.572852518884269557e+03
-4.572882480937800210e+03
-4.572882480937800210e+03
-4.572998782354079594e+03
-4.572861097302969938e+03
-4.572861097302969938e+03
-4.572935319964170048e+03
-4.572917955443559549e+03
-4.572840285880950432e+03
-4.572840285880950432e+03
-4.572923371846060036e+03
-4.572839821797329932e+03
-4.573019308851499773e+03
-4.573180118300469985e+03
-4.573180099582539697e+03
-4.573189453881779627e+03
-4.573189453881779627e+03
-4.573189453881779627e+03
-4.573189453881779627e+03
-4.573261350685839716e+03
-4.573261350685839716e+03
-4.573261350685839716e+03
-4.573261350685839716e+03
-4.573279929065450233e+03
-4.573332217299150216e+03
-4.573332217299150216e+03
-4.573442801913620315e+03
-4.573442801913620315e+03
-4.573486829851590301e+03
-4.573486829851590301e+03
-4.573486829851590301e+03
-4.573486829851590301e+03
-4.573663200147800126e+03
-4.573663200147800126e+03
-4.573523834008269660e+03
-4.573523834008269660e+03
-4.573735038654400341e+03
-4.573735038654400341e+03
-4.573735965396250322e+03
-4.573862682160610348e+03
-4.573925419833520209e+03
-4.574025060808569833e+03
-4.574265497173370022e+03
-4.574315714073850359e+03
-4.574758931932189626e+03
-4.574780431177419814e+03
-4.574780431177419814e+03
-4.574879942878300426e+03
-4.575040206768469943e+03
-4.575040206768469943e+03
-4.575039858320609710e+03
-4.575039858320609710e+03
-4.575039858320609710e+03
-4.575039858320609710e+03
-4.575039858320609710e+03
-4.575039858320609710e+03
-4.575043232373620413e+03
-4.575094761268560433e+03
-4.575122476272679705e+03
-4.575147369210520083e+03
-4.575147369210520083e+03
-4.575041331716240165e+03
-4.575057524450429810e+03
-4.575057524450429810e+03
-4.575077982422300011e+03
-4.575231705294169842e+03
-4.575231705294169842e+03
-4.575153264979699998e+03
-4.575153264979699998e+03
-4.575121628239920028e+03
-4.575121628239920028e+03
-4.575153110101379752e+03
-4.575153110101379752e+03
-4.575165999200929946e+03
-4.575215466245300377e+03
-4.575453977159039823e+03
-4.575570156853579647e+03
-4.575632916959320028e+03
-4.575632916959320028e+03
-4.575632916959320028e+03
-4.575628722989799826e+03
-4.575702864624009635e+03
-4.575702864624009635e+03
-4.575702864624009635e+03
-4.575591091176160262e+03
-4.575525921662740075e+03
-4.575558952550360118e+03
-4.575535903162450268e+03
-4.575535903162450268e+03
-4.575535903162450268e+03
-4.575535903162450268e+03
-4.575483525941570406e+03
-4.575483525941570406e+03
-4.575483525941570406e+03
-4.575301466718019583e+03
-4.575323668582699611e+03
-4.575323668582699611e+03
-4.575323668582699611e+03
-4.575605724883849689e+03
-4.575605724883849689e+03
-4.575605724883849689e+03
-4.575661540132609844e+03
-4.575705023859550238e+03
-4.575350439004670079e+03
-4.575350439004670079e+03
-4.575350439004670079e+03
-4.575350439004670079e+03
-4.575350439004670079e+03
-4.575407863849060050e+03
-4.575531816868249734e+03
-4.575531816868249734e+03
-4.575674536499250280e+03
-4.575674536499250280e+03
-4.575629106658299861e+03
-4.575629106658299861e+03
-4.575629106658299861e+03
-4.575629106658299861e+03
-4.575630375151369662e+03
-4.575630375151369662e+03
-4.575630375151369662e+03
-4.575630375151369662e+03
-4.575630375151369662e+03
-4.575640989086749869e+03
-4.575640989086749869e+03
-4.575682153298539561e+03
-4.575645401556789693e+03
-4.575645401556789693e+03
-4.575642052833110029e+03
-4.575634014743720400e+03
-4.575609148830940285e+03
-4.575609148830940285e+03
-4.575609148830940285e+03
-4.575609148830940285e+03
-4.575646353855459893e+03
-4.575538316392319757e+03
-4.575538316392319757e+03
-4.575556012078150161e+03
-4.575769660424160065e+03
-4.575681298282949683e+03
-4.575607085375840143e+03
-4.575679369807299736e+03
-4.575679369807299736e+03
-4.575745367871880262e+03
-4.575745367871880262e+03
-4.575735986058029994e+03
-4.575735986058029994e+03
-4.575735986058029994e+03
-4.575735986058029994e+03
-4.575739494420279698e+03
-4.575627766786799839e+03
-4.575342275985690321e+03
-4.575395728910680191e+03
-4.575368145737949817e+03
-4.575368145737949817e+03
-4.575514015779330293e+03
-4.575433474756770011e+03
-4.575481010738260011e+03
-4.575481010738260011e+03
-4.575481010738260011e+03
-4.575481010738260011e+03
-4.575526354029560025e+03
-4.575526354029560025e+03
-4.575526354029560025e+03
-4.575526354029560025e+03
-4.575526354029560025e+03
-4.575482636117600123e+03
-4.575547142189639999e+03
-4.575611961113019788e+03
-4.575755417860409580e+03
-4.575772299880850369e+03
-4.575825641211799848e+03
-4.575825641211799848e+03
-4.575825641211799848e+03
-4.576048238519269944e+03
-4.576008785011859800e+03
-4.576008785011859800e+03
-4.576064012157249635e+03
-4.576440483804320138e+03
-4.576440483804320138e+03
-4.576467846310069945e+03
-4.576467846310069945e+03
-4.576467846310069945e+03
-4.576467846310069945e+03
-4.576467846310069945e+03
-4.576373934763760190e+03
-4.576373934763760190e+03
-4.576471953404419764e+03
-4.576589512012579689e+03
-4.576589512012579689e+03
-4.576554308844430125e+03
-4.576719464819079803e+03
-4.576719464819079803e+03
-4.576664245262219993e+03
-4.576664245262219993e+03
-4.576512458807509574e+03
-4.576512458807509574e+03
-4.576415405899379948e+03
-4.576415405899379948e+03
-4.576418230162299551e+03
-4.576418230162299551e+03
-4.576460928603290085e+03
-4.576460928603290085e+03
-4.576370295612429800e+03
-4.576370295612429800e+03
-4.576370295612429800e+03
-4.576165583222979876e+03
-4.576023076953410055e+03
-4.576187063965199741e+03
-4.576187063965199741e+03
-4.576175619606679902e+03
-4.576175619606679902e+03
-4.576328152488479645e+03
-4.576328152488479645e+03
-4.576328152488479645e+03
-4.576418578368529779e+03
-4.576371778005740452e+03
-4.576477787646709658e+03
-4.576472109293030371e+03
-4.576472109293030371e+03
-4.576472109293030371e+03
-4.576472109293030371e+03
-4.576472109293030371e+03
-4.576472109293030371e+03
-4.576347537833070419e+03
-4.576246664159069951e+03
-4.576469241883990435e+03
-4.576402044496299823e+03
-4.576334966400249868e+03
-4.576153825174529629e+03
-4.576153825174529629e+03
-4.576153825174529629e+03
-4.576153825174529629e+03
-4.576424188645750291e+03
-4.576356740453929888e+03
-4.576291920651459805e+03
-4.576127444659309731e+03
-4.576127444659309731e+03
-4.576127444659309731e+03
-4.576127444659309731e+03
-4.576275745659960194e+03
-4.576275745659960194e+03
-4.576343616029350414e+03
-4.576193291165650407e+03
-4.576193291165650407e+03
-4.576177877490200444e+03
-4.576177877490200444e+03
-4.576156668313829869e+03
-4.576214125063210304e+03
-4.576281199911440126e+03
-4.576281199911440126e+03
-4.576281199911440126e+03
-4.576350234231260401e+03
-4.576350234231260401e+03
-4.576208500550699682e+03
-4.576505756070900134e+03
-4.576660105726869915e+03
-4.576660105726869915e+03
-4.576660105726869915e+03
-4.576660105726869915e+03
-4.576660993149599562e+03
-4.576660993149599562e+03
-4.576660993149599562e+03
-4.576687539653110434e+03
-4.576687539653110434e+03
-4.576667366213499918e+03
-4.576588797574549972e+03
-4.576490388950020133e+03
-4.576593147302580292e+03
-4.576593147302580292e+03
-4.576604324588770396e+03
-4.576510135003820324e+03
-4.576397440954880039e+03
-4.576397440954880039e+03
-4.576568668754180180e+03
-4.576567282105709637e+03
-4.576633514684809597e+03
-4.576633514684809597e+03
-4.576633514684809597e+03
-4.576672528222109577e+03
-4.576738047159919915e+03
-4.576695794526799546e+03
-4.576853263158969639e+03
-4.576888235955620075e+03
-4.576895258324039787e+03
-4.576852846312320253e+03
-4.576852846312320253e+03
-4.576852846312320253e+03
-4.576928293727200071e+03
-4.576989222564840020e+03
-4.576920084853119988e+03
-4.576920084853119988e+03
-4.576923748780829555e+03
-4.576923748780829555e+03
-4.576923748780829555e+03
-4.576884626084220145e+03
-4.576884626084220145e+03
-4.576954613854950367e+03
-4.576954613854950367e+03
-4.576984193237460204e+03
-4.576984193237460204e+03
-4.577183980798049561e+03
-4.577183980798049561e+03
-4.577122866750410140e+03
-4.577122866750410140e+03
-4.577122866750410140e+03
-4.577122866750410140e+03
-4.577114643183160297e+03
-4.577114643183160297e+03
-4.577114643183160297e+03
-4.577114643183160297e+03
-4.577114643183160297e+03
-4.577114643183160297e+03
-4.577063877577829771e+03
-4.577063877577829771e+03
-4.577053719607610219e+03
-4.577089628458130392e+03
-4.577089628458130392e+03
-4.577089628458130392e+03
-4.577089628458130392e+03
-4.577064708531779615e+03
-4.577059662106349606e+03
-4.577050305546269556e+03
-4.577102780301739585e+03
-4.577102780301739585e+03
-4.577104890705910293e+03
-4.577104890705910293e+03
-4.577144180598839739e+03
-4.577144180598839739e+03
-4.576985040199179821e+03
-4.576985040199179821e+03
-4.576985040199179821e+03
-4.577225379914560108e+03
-4.577362602378580050e+03
-4.577212735326170332e+03
-4.577226948289429856e+03
-4.576884241230920452e+03
-4.576884241230920452e+03
-4.576884241230920452e+03
-4.576884241230920452e+03
-4.577032937977510301e+03
-4.576966697384739746e+03
-4.576946311536449684e+03
-4.577145147609860032e+03
-4.577145147609860032e+03
-4.577199060160090085e+03
-4.577112100979040406e+03
-4.577134282974209782e+03
-4.577313334725299683e+03
-4.577313334725299683e+03
-4.577303993475649804e+03
-4.577303993475649804e+03
-4.577303993475649804e+03
-4.577303993475649804e+03
-4.577388132365589627e+03
-4.577388132365589627e+03
-4.577636211487019864e+03
-4.577686779667100382e+03
-4.577681347835719862e+03
-4.577552578540209652e+03
-4.577409455872069884e+03
-4.577409455872069884e+03
-4.577409455872069884e+03
-4.577409455872069884e+03
-4.577507232044769808e+03
-4.577507232044769808e+03
-4.577507232044769808e+03
-4.577442982631119776e+03
-4.577505522030290194e+03
-4.577544169045439958e+03
-4.577544169045439958e+03
-4.577582311208730061e+03
-4.577582311208730061e+03
-4.577577689499309599e+03
-4.577545966424860126e+03
-4.577545966424860126e+03
-4.577545966424860126e+03
-4.577545966424860126e+03
-4.577631042241459909e+03
-4.577738463200869774e+03
-4.577738463200869774e+03
-4.577738463200869774e+03
-4.577796179723520254e+03
-4.577796179723520254e+03
-4.577843394040760359e+03
-4.577843394040760359e+03
-4.577843394040760359e+03
-4.577843394040760359e+03
-4.577843394040760359e+03
-4.578102079846749803e+03
-4.578102079846749803e+03
-4.578078941806000330e+03
-4.578078941806000330e+03
-4.578081840004029800e+03
-4.578081840004029800e+03
-4.578043281601269882e+03
-4.578043281601269882e+03
-4.578043281601269882e+03
-4.578043281601269882e+03
-4.577926836065649695e+03
-4.577926836065649695e+03
-4.577963830080229855e+03
-4.577935871881350067e+03
-4.577935871881350067e+03
-4.577935871881350067e+03
-4.577935871881350067e+03
-4.578144004364569810e+03
-4.578144004364569810e+03
-4.578186049839509906e+03
-4.577949750113550181e+03
-4.577949750113550181e+03
-4.577765099169149835e+03
-4.577896354660480029e+03
-4.578047360303139612e+03
-4.578047360303139612e+03
-4.578083823386349650e+03
-4.578066902681919601e+03
-4.578066902681919601e+03
-4.578066902681919601e+03
-4.578135559149820438e+03
-4.578135559149820438e+03
-4.578307355961869689e+03
-4.578470793848309768e+03
-4.578470793848309768e+03
-4.578470793848309768e+03
-4.578516198585700295e+03
-4.578516198585700295e+03
-4.578513012613219871e+03
-4.578513012613219871e+03
-4.578535123973299960e+03
-4.578535123973299960e+03
-4.578358998920200065e+03
-4.578358998920200065e+03
-4.578326953565369877e+03
-4.578306994937500349e+03
-4.578306994937500349e+03
-4.578306994937500349e+03
-4.578306994937500349e+03
-4.578306994937500349e+03
-4.578306994937500349e+03
-4.578306994937500349e+03
-4.578306994937500349e+03
-4.578306994937500349e+03
-4.578306994937500349e+03
-4.578245703461269841e+03
-4.578245703461269841e+03
-4.578238394177609734e+03
-4.578126869595639619e+03
-4.578223685363889672e+03
-4.578282144142490324e+03
-4.578282144142490324e+03
-4.578286908744879838e+03
-4.578410178130039640e+03
-4.578409514682570261e+03
-4.578213523217809779e+03
-4.578017431036299968e+03
-4.578017431036299968e+03
-4.578119100977790367e+03
-4.578119100977790367e+03
-4.578119100977790367e+03
-4.578056375499470050e+03
-4.577979588526380212e+03
-4.578082487576029962e+03
-4.578225137132650161e+03
-4.578043126830920301e+03
-4.578043126830920301e+03
-4.578253848371039567e+03
-4.578253848371039567e+03
-4.578250771817880377e+03
-4.578324301025570094e+03
-4.578324301025570094e+03
-4.578324301025570094e+03
-4.578324301025570094e+03
-4.578324301025570094e+03
-4.578324301025570094e+03
-4.578281824460679672e+03
-4.578281824460679672e+03
-4.578281824460679672e+03
-4.578281824460679672e+03
-4.578312603377309642e+03
-4.578312603377309642e+03
-4.578312603377309642e+03
-4.578312603377309642e+03
-4.578279381876720436e+03
-4.578255362823199903e+03
-4.578255362823199903e+03
-4.578255362823199903e+03
-4.578255362823199903e+03
-4.578255362823199903e+03
-4.578300898724550279e+03
-4.578300898724550279e+03
-4.578352937815900077e+03
-4.578278296104939727e+03
-4.578278296104939727e+03
-4.578278296104939727e+03
-4.578178289293609851e+03
-4.578327402598150002e+03
-4.578241040915780104e+03
-4.578252298708050148e+03
-4.578361583353959759e+03
-4.578361583353959759e+03
-4.578374058469779811e+03
-4.578374058469779811e+03
-4.578374058469779811e+03
-4.578374058469779811e+03
-4.578252160420540349e+03
-4.578200830054470316e+03
-4.578304594596829702e+03
-4.578518594667800244e+03
-4.578518594667800244e+03
-4.578518594667800244e+03
-4.578518594667800244e+03
-4.578518594667800244e+03
-4.578518594667800244e+03
-4.578468314141499832e+03
-4.578412829366319784e+03
-4.578428315511900109e+03
-4.578428315511900109e+03
-4.578428315511900109e+03
-4.578428315511900109e+03
-4.578436372464009764e+03
-4.578436372464009764e+03
-4.578425144240950431e+03
-4.578432674686269820e+03
-4.578477336138949795e+03
-4.578620388083169928e+03
-4.578561528145660304e+03
-4.578561528145660304e+03
-4.578571993652180026e+03
-4.578625722394510376e+03
-4.578627354539369662e+03
-4.578824564482510141e+03
-4.578824564482510141e+03
-4.578824564482510141e+03
-4.578742435004000072e+03
-4.578742435004000072e+03
-4.578742435004000072e+03
-4.578742435004000072e+03
-4.578742435004000072e+03
-4.578742435004000072e+03
-4.578782654904650371e+03
-4.578865384211219862e+03
-4.578615779931070392e+03
-4.578615779931070392e+03
-4.578615779931070392e+03
-4.578615779931070392e+03
-4.578604410331789950e+03
-4.578604410331789950e+03
-4.578604410331789950e+03
-4.578386012125230081e+03
-4.578487148343489935e+03
-4.578457775997439967e+03
-4.578457775997439967e+03
-4.578449422062720259e+03
-4.578479453924100198e+03
-4.578434676380919882e+03
-4.578434676380919882e+03
-4.578456453128250359e+03
-4.578456453128250359e+03
-4.578456453128250359e+03
-4.578456453128250359e+03
-4.578572387768390399e+03
-4.578572387768390399e+03
-4.578476811264559728e+03
-4.578476811264559728e+03
-4.578470703697809768e+03
-4.578470703697809768e+03
-4.578384535186330140e+03
-4.578517949549739569e+03
-4.578213413610679709e+03
-4.578229613312319998e+03
-4.578229613312319998e+03
-4.578229613312319998e+03
-4.578229613312319998e+03
-4.578203788243699819e+03
-4.578203788243699819e+03
-4.578203788243699819e+03
-4.578203788243699819e+03
-4.578203788243699819e+03
-4.578300015515589621e+03
-4.578076066351600275e+03
-4.578118703115320386e+03
-4.578118703115320386e+03
-4.578025114808199760e+03
-4.578071531334770043e+03
-4.578071531334770043e+03
-4.578071531334770043e+03
-4.578071531334770043e+03
-4.578061363089130282e+03
-4.578061363089130282e+03
-4.578061357595620393e+03
-4.578061357595620393e+03
-4.578061357595620393e+03
-4.578061357595620393e+03
-4.578040743942739937e+03
-4.578040743942739937e+03
-4.578040743942739937e+03
-4.578016490456669999e+03
-4.578140792818339833e+03
-4.578140792818339833e+03
-4.578240765414529960e+03
-4.578240765414529960e+03
-4.578240765414529960e+03
-4.578178556536870019e+03
-4.578178556536870019e+03
-4.578263305546540323e+03
-4.578263305546540323e+03
-4.578263305546540323e+03
-4.578344978395760336e+03
-4.578446092682649578e+03
-4.578446092682649578e+03
-4.578474815671589568e+03
-4.578474815671589568e+03
-4.578427888682599587e+03
-4.578427888682599587e+03
-4.578427888682599587e+03
-4.578427888682599587e+03
-4.578335294246079684e+03
-4.578264287619999777e+03
-4.578264287619999777e+03
-4.578264287619999777e+03
-4.578264287619999777e+03
-4.578194757806480084e+03
-4.578194757806480084e+03
-4.578194757806480084e+03
-4.578366493907719814e+03
-4.578366493907719814e+03
-4.578366493907719814e+03
-4.578555228976720173e+03
-4.578540403354770206e+03
-4.578355047234020276e+03
-4.578355047234020276e+03
-4.578211140505470212e+03
-4.578183065742349754e+03
-4.578183065742349754e+03
-4.578423000958659941e+03
-4.578621449145640327e+03
-4.578665488574200026e+03
-4.578709723892369766e+03
-4.578709723892369766e+03
-4.578709723892369766e+03
-4.578751395040720126e+03
-4.578716467080769689e+03
-4.578716467080769689e+03
-4.578858584000199698e+03
-4.578858584000199698e+03
-4.578858584000199698e+03
-4.578858584000199698e+03
-4.578916322505800053e+03
-4.578916322505800053e+03
-4.578916322505800053e+03
-4.578916322505800053e+03
-4.578934369129629886e+03
-4.578934369129629886e+03
-4.578875294596339700e+03
-4.578875294596339700e+03
-4.578875294596339700e+03
-4.578875294596339700e+03
-4.578875294596339700e+03
-4.578875294596339700e+03
-4.578875294596339700e+03
-4.578855845870600206e+03
-4.578855845870600206e+03
-4.578855845870600206e+03
-4.578855845870600206e+03
-4.578855845870600206e+03
-4.578855845870600206e+03
-4.578992129255329928e+03
-4.578964713731839765e+03
-4.578964713731839765e+03
-4.578964713731839765e+03
-4.578855137003840355e+03
-4.578855137003840355e+03
-4.578797143528059678e+03
-4.578692982610159561e+03
-4.578692982610159561e+03
-4.578613485503259653e+03
-4.578612559628840245e+03
-4.578665341668270230e+03
-4.578634521900729851e+03
-4.578738978863560078e+03
-4.578738978863560078e+03
-4.578738978863560078e+03
-4.578738978863560078e+03
-4.578725315960389707e+03
-4.578725315960389707e+03
-4.578725315960389707e+03
-4.578725315960389707e+03
-4.578700686345760005e+03
-4.578700686345760005e+03
-4.578657233627120149e+03
-4.578657233627120149e+03
-4.578657233627120149e+03
-4.578657233627120149e+03
-4.578657233627120149e+03
-4.578625568540490349e+03
-4.578625568540490349e+03
-4.578765024753020043e+03
-4.578765024753020043e+03
-4.578777308547890243e+03
-4.578777308547890243e+03
-4.578575245791639645e+03
-4.578575245791639645e+03
-4.578588531869900180e+03
-4.578588531869900180e+03
-4.578588531869900180e+03
-4.578841358558909633e+03
-4.578783347503490404e+03
-4.578783347503490404e+03
-4.578847205186890278e+03
-4.578886408706580369e+03
-4.579030275048069598e+03
-4.579030275048069598e+03
-4.579030275048069598e+03
-4.579030275048069598e+03
-4.579030275048069598e+03
-4.579030275048069598e+03
-4.579030275048069598e+03
-4.579030275048069598e+03
-4.579151607593559675e+03
-4.579151607593559675e+03
-4.579196974855330154e+03
-4.579196974855330154e+03
-4.579196974855330154e+03
-4.579196974855330154e+03
-4.579094727199109911e+03
-4.579094727199109911e+03
-4.579221652216589973e+03
-4.579221652216589973e+03
-4.579221652216589973e+03
-4.579216288759579584e+03
-4.579216288759579584e+03
-4.579269097721509752e+03
-4.579161888054630253e+03
-4.579161888054630253e+03
-4.579114247958679698e+03
-4.579073770077970039e+03
-4.579377908318920163e+03
-4.579377908318920163e+03
-4.579377908318920163e+03
-4.579377908318920163e+03
-4.579377908318920163e+03
-4.579299206568700356e+03
-4.579297436612840102e+03
-4.579303367709880149e+03
-4.579330832883650146e+03
-4.579330832883650146e+03
-4.579303721276210126e+03
-4.579216480625939766e+03
-4.579216480625939766e+03
-4.579201943554769969e+03
-4.579201943554769969e+03
-4.579206062466309959e+03
-4.579206062466309959e+03
-4.579206062466309959e+03
-4.579206062466309959e+03
-4.579488309236439818e+03
-4.579488309236439818e+03
-4.579417787812510142e+03
-4.579417787812510142e+03
-4.579417787812510142e+03
-4.579417787812510142e+03
-4.579417787812510142e+03
-4.579417787812510142e+03
-4.579417787812510142e+03
-4.579417367074590402e+03
-4.579417367074590402e+03
-4.579417367074590402e+03
-4.579166974204250437e+03
-4.579166974204250437e+03
-4.579266059920490079e+03
-4.579266059920490079e+03
-4.579450923853230051e+03
-4.579538705400759682e+03
-4.579538705400759682e+03
-4.579538705400759682e+03
-4.579538705400759682e+03
-4.579538705400759682e+03
-4.579615670838060396e+03
-4.579615670838060396e+03
-4.579615670838060396e+03
-4.579615670838060396e+03
-4.579781766887809681e+03
-4.579799360763930054e+03
-4.579710741651710123e+03
-4.579731737223630262e+03
-4.579735598357900017e+03
-4.579735598357900017e+03
-4.579679542395730095e+03
-4.579679542395730095e+03
-4.579679542395730095e+03
-4.579679542395730095e+03
-4.579679542395730095e+03
-4.579679542395730095e+03
-4.579741357867819715e+03
-4.579741357867819715e+03
-4.579962349933360201e+03
-4.580065052684340117e+03
-4.580031143872020039e+03
-4.580172776683310076e+03
-4.580172776683310076e+03
-4.580059974522720040e+03
-4.580059974522720040e+03
-4.580050767717580129e+03
-4.580050767717580129e+03
-4.580050767717580129e+03
-4.580053502930570176e+03
-4.580053502930570176e+03
-4.580053502930570176e+03
-4.580053502930570176e+03
-4.580053502930570176e+03
-4.580053502930570176e+03
-4.579893942123740089e+03
-4.579897645315049886e+03
-4.579932902584239855e+03
-4.579932902584239855e+03
-4.579932902584239855e+03
-4.579916610786500314e+03
-4.579960847626370196e+03
-4.579960847626370196e+03
-4.579886475723419608e+03
-4.579897119011920040e+03
-4.579852761254749566e+03
-4.579852761254749566e+03
-4.580141740502350331e+03
-4.580141740502350331e+03
-4.580182061400239945e+03
-4.580205614529750164e+03
-4.580205614529750164e+03
-4.580205614529750164e+03
-4.580154132308340195e+03
-4.580161950177070139e+03
-4.580171861940039889e+03
-4.580171861940039889e+03
-4.580171861940039889e+03
-4.579968356901000334e+03
-4.579968356901000334e+03
-4.579968356901000334e+03
-4.579968356901000334e+03
-4.579923866119709601e+03
-4.579923866119709601e+03
-4.579923866119709601e+03
-4.579917141895070017e+03
-4.579917141895070017e+03
-4.579917141895070017e+03
-4.579917141895070017e+03
-4.579917141895070017e+03
-4.579917141895070017e+03
-4.579917141895070017e+03
-4.580042409417799718e+03
-4.580042409417799718e+03
-4.580079941623310333e+03
-4.579936430152540197e+03
-4.580101560405089913e+03
-4.580126153202860223e+03
-4.580164375204640237e+03
-4.580164375204640237e+03
-4.580277525991529728e+03
-4.580277525991529728e+03
-4.580277525991529728e+03
-4.580277525991529728e+03
-4.580272852938000142e+03
-4.580272852938000142e+03
-4.580344423125159665e+03
-4.580344423125159665e+03
-4.580344423125159665e+03
-4.580162701888800257e+03
-4.580164811061909859e+03
-4.580164811061909859e+03
-4.580164811061909859e+03
-4.580206490739419678e+03
-4.580206490739419678e+03
-4.580243382385980112e+03
-4.580348666436359963e+03
-4.580348666436359963e+03
-4.580348666436359963e+03
-4.580348666436359963e+03
-4.580348666436359963e+03
-4.580348666436359963e+03
-4.580348666436359963e+03
-4.580348666436359963e+03
-4.580348666436359963e+03
-4.580348666436359963e+03
-4.580348666436359963e+03
-4.580389013680830431e+03
-4.580346109438009989e+03
-4.580271289229510330e+03
-4.580306834532610083e+03
-4.580306834532610083e+03
-4.580306834532610083e+03
-4.580422174810260003e+03
-4.580444238146310454e+03
-4.580444238146310454e+03
-4.580444238146310454e+03
-4.580444238146310454e+03
-4.580444238146310454e+03
-4.580444238146310454e+03
-4.580504464548090255e+03
-4.580380287888399835e+03
-4.580627213528569882e+03
-4.580627213528569882e+03
-4.580555174507760057e+03
-4.580388501249310139e+03
-4.580364397615159760e+03
-4.580364397615159760e+03
-4.580364397615159760e+03
-4.580364397615159760e+03
-4.580364397615159760e+03
-4.580364397615159760e+03
-4.580364397615159760e+03
-4.580324672134660432e+03
-4.580553866000130256e+03
-4.580553866000130256e+03
-4.580553866000130256e+03
-4.580581909994029957e+03
-4.580581909994029957e+03
-4.580581909994029957e+03
-4.580552926114970433e+03
-4.580610553151240310e+03
-4.580621745575060231e+03
-4.580621745575060231e+03
-4.580621745575060231e+03
-4.580621745575060231e+03
-4.580849396172609886e+03
-4.581073021390820031e+03
-4.581073021390820031e+03
-4.581019887305689736e+03
-4.581120391592029591e+03
-4.581120391592029591e+03
-4.581120391592029591e+03
-4.581013193805630181e+03
-4.581086164917749556e+03
-4.580912565880419606e+03
-4.580871711032959865e+03
-4.580871711032959865e+03
-4.580871711032959865e+03
-4.580871711032959865e+03
-4.580871711032959865e+03
-4.580871711032959865e+03
-4.580871711032959865e+03
-4.580871711032959865e+03
-4.580871711032959865e+03
-4.580871860478730014e+03
-4.580741877458600356e+03
-4.580741877458600356e+03
-4.580741877458600356e+03
-4.580741877458600356e+03
-4.580741877458600356e+03
-4.580815586417619670e+03
-4.580788042575510190e+03
-4.580788042575510190e+03
-4.580788042575510190e+03
-4.580856655272939861e+03
-4.581039694252230220e+03
-4.581039694252230220e+03
-4.581039694252230220e+03
-4.580946937603819606e+03
-4.580946937603819606e+03
-4.580948628702920360e+03
-4.580958892693820417e+03
-4.580958892693820417e+03
-4.580958892693820417e+03
-4.580958892693820417e+03
-4.580958892693820417e+03
-4.580958892693820417e+03
-4.580958892693820417e+03
-4.580958892693820417e+03
-4.581018811298249602e+03
-4.581018811298249602e+03
-4.581130782492109574e+03
-4.581092525456630028e+03
-4.581009968625809961e+03
-4.581122956566439825e+03
-4.581160950886759565e+03
-4.581160950886759565e+03
-4.581174627567290372e+03
-4.581174627567290372e+03
-4.581174627567290372e+03
-4.581174627567290372e+03
-4.581174627567290372e+03
-4.581174627567290372e+03
-4.581166615781039582e+03
-4.581154055136729767e+03
-4.581154055136729767e+03
-4.581154055136729767e+03
-4.581201471917580420e+03
-4.581201471917580420e+03
-4.581201471917580420e+03
-4.581201471917580420e+03
-4.581201471917580420e+03
-4.581153260737680284e+03
-4.581016305471769556e+03
-4.580705892451949694e+03
-4.580705892451949694e+03
-4.580705892451949694e+03
-4.580828917080590145e+03
-4.580779281919520145e+03
-4.580684810476020175e+03
-4.580684810476020175e+03
-4.580684810476020175e+03
-4.580684810476020175e+03
-4.580684810476020175e+03
-4.580782896061589781e+03
-4.580871428932639901e+03
-4.580871428932639901e+03
-4.580871428932639901e+03
-4.580857752409259774e+03
-4.580798154092690311e+03
-4.580798154092690311e+03
-4.580798154092690311e+03
-4.580798154092690311e+03
-4.580798154092690311e+03
-4.580779336736420191e+03
-4.580779336736420191e+03
-4.580779336736420191e+03
-4.580779336736420191e+03
-4.580445527423159547e+03
-4.580583417941419611e+03
-4.580733506363600100e+03
-4.580682080009200035e+03
-4.580733111303789883e+03
-4.580745772753230085e+03
-4.580745772753230085e+03
-4.580745772753230085e+03
-4.580558105015269575e+03
-4.580606379448549887e+03
-4.580583789585610248e+03
-4.580667383767449792e+03
-4.580667383767449792e+03
-4.580667383767449792e+03
-4.580667383767449792e+03
-4.580612623355170399e+03
-4.580612623355170399e+03
-4.580687706834930395e+03
-4.580687706834930395e+03
-4.580571842241960439e+03
-4.580571842241960439e+03
-4.580649965203039756e+03
-4.580649965203039756e+03
-4.580712113183420115e+03
-4.580744731391249843e+03
-4.580744731391249843e+03
-4.580733385647529758e+03
-4.580733385647529758e+03
-4.580733385647529758e+03
-4.580798988010909852e+03
-4.580798988010909852e+03
-4.580839957738629892e+03
-4.580839957738629892e+03
-4.580839957738629892e+03
-4.580839957738629892e+03
-4.580839957738629892e+03
-4.580844206728470454e+03
-4.580810277999040409e+03
-4.580810277999040409e+03
-4.580841847552340369e+03
-4.580841847552340369e+03
-4.580795430233910338e+03
-4.580795430233910338e+03
-4.580795430233910338e+03
-4.580826181747280316e+03
-4.580826181747280316e+03
-4.580610561397070342e+03
-4.580610561397070342e+03
-4.580610561397070342e+03
-4.580610561397070342e+03
-4.580686435645039637e+03
-4.580708558359489871e+03
-4.580708558359489871e+03
-4.580763519601339794e+03
-4.580763519601339794e+03
-4.580763519601339794e+03
-4.580780617877489931e+03
-4.580793100553830300e+03
-4.581059258583810333e+03
-4.581059258583810333e+03
-4.581059258583810333e+03
-4.581059258583810333e+03
-4.580950380448290161e+03
-4.580950380448290161e+03
-4.580962906169460439e+03
-4.580962906169460439e+03
-4.581050128798229707e+03
-4.581050128798229707e+03
-4.580937963880720417e+03
-4.581018226075429993e+03
-4.581018226075429993e+03
-4.581066507121890027e+03
-4.581066507121890027e+03
-4.581085125919080383e+03
-4.581085125919080383e+03
-4.581085125919080383e+03
-4.581085125919080383e+03
-4.581085125919080383e+03
-4.581085125919080383e+03
-4.581111773273340077e+03
-4.581143335312400268e+03
-4.581143335312400268e+03
-4.581128496944070321e+03
-4.581128496944070321e+03
-4.581128496944070321e+03
-4.581128496944070321e+03
-4.581128496944070321e+03
-4.581128496944070321e+03
-4.581128496944070321e+03
-4.581128496944070321e+03
-4.581128496944070321e+03
-4.581073264339799607e+03
-4.581044235480590032e+03
-4.581044235480590032e+03
-4.581105317792949791e+03
-4.581239612980540187e+03
-4.581285835491889884e+03
-4.581285835491889884e+03
-4.581285835491889884e+03
-4.581285835491889884e+03
-4.581285835491889884e+03
-4.581338452580619560e+03
-4.581383134977410009e+03
-4.581366478558459676e+03
-4.581366478558459676e+03
-4.581366478558459676e+03
-4.581366478558459676e+03
-4.581250475821870168e+03
-4.581349562894470182e+03
-4.581349562894470182e+03
-4.581395837937069700e+03
-4.581395837937069700e+03
-4.581395837937069700e+03
-4.581395837937069700e+03
-4.581445144346220331e+03
-4.581445144346220331e+03
-4.581463161151559689e+03
-4.581463161151559689e+03
-4.581404966599299769e+03
-4.581404966599299769e+03
-4.581589684839260372e+03
-4.581526419533330227e+03
-4.581507683773449571e+03
-4.581626685497059952e+03
-4.581626685497059952e+03
-4.581626685497059952e+03
-4.581626685497059952e+03
-4.581579694807570377e+03
-4.581579694807570377e+03
-4.581579694807570377e+03
-4.581625782920230449e+03
-4.581625757591589718e+03
-4.581625757591589718e+03
-4.581625757591589718e+03
-4.581625757591589718e+03
-4.581625757591589718e+03
-4.581625757591589718e+03
-4.581625757591589718e+03
-4.581625757591589718e+03
-4.581625757591589718e+03
-4.581625757591589718e+03
-4.581625757591589718e+03
-4.581625757591589718e+03
-4.581625757591589718e+03
-4.581669764914659936e+03
-4.581674528331640431e+03
-4.581674528331640431e+03
-4.581674528331640431e+03
-4.581674528331640431e+03
-4.581674528331640431e+03
-4.581766480331320054e+03
-4.581781263280359781e+03
-4.581781263280359781e+03
-4.581781263280359781e+03
-4.581754750224539748e+03
-4.581740490680370385e+03
-4.581740490680370385e+03
-4.581740490680370385e+03
-4.581731405526459639e+03
-4.581731405526459639e+03
-4.581731405526459639e+03
-4.581788852347360262e+03
-4.581740655807529947e+03
-4.581799641116929706e+03
-4.581760111213459822e+03
-4.581636936679020437e+03
-4.581489323713900376e+03
-4.581373000287810100e+03
-4.581373000287810100e+03
-4.581373000287810100e+03
-4.581373000287810100e+03
-4.581373000287810100e+03
-4.581373000287810100e+03
-4.581373000287810100e+03
-4.581490064516169696e+03
-4.581490064516169696e+03
-4.581490064516169696e+03
-4.581490064516169696e+03
-4.581490064516169696e+03
-4.581490064516169696e+03
-4.581490064516169696e+03
-4.581490064516169696e+03
-4.581490064516169696e+03
-4.581507241119020364e+03
-4.581286705574820189e+03
-4.581162308619549549e+03
-4.581285540382559702e+03
-4.581273525055070422e+03
-4.581252013692649598e+03
-4.581252013692649598e+03
-4.581252013692649598e+03
-4.581252013692649598e+03
-4.581409088611209881e+03
-4.581409088611209881e+03
-4.581409088611209881e+03
-4.581383450708330201e+03
-4.581383450708330201e+03
-4.581383450708330201e+03
-4.581383450708330201e+03
-4.581383450708330201e+03
-4.581291034430029868e+03
-4.581308398615089573e+03
-4.581308398615089573e+03
-4.581308398615089573e+03
-4.581308398615089573e+03
-4.581308398615089573e+03
-4.581308398615089573e+03
-4.581308398615089573e+03
-4.581308398615089573e+03
-4.581308398615089573e+03
-4.581308398615089573e+03
-4.581308398615089573e+03
-4.581322933952170388e+03
-4.581322933952170388e+03
-4.581402527882220056e+03
-4.581422076182129786e+03
-4.581309671066679584e+03
-4.581383681600889759e+03
-4.581383681600889759e+03
-4.581383681600889759e+03
-4.581383681600889759e+03
-4.581404404152240204e+03
-4.581455035963470436e+03
-4.581455035963470436e+03
-4.581491780909000227e+03
-4.581483989437550008e+03
-4.581483989437550008e+03
-4.581519277944529676e+03
-4.581519277944529676e+03
-4.581667083268839633e+03
-4.581693092597330178e+03
-4.581728195560650420e+03
-4.581728195560650420e+03
-4.581784471977190151e+03
-4.581664224239780197e+03
-4.581664224239780197e+03
-4.581709743675570280e+03
-4.581709743675570280e+03
-4.581709743675570280e+03
-4.581709743675570280e+03
-4.581663230150339587e+03
-4.581581929010500062e+03
-4.581727471923500161e+03
-4.581553743789159853e+03
-4.581553743789159853e+03
-4.581625887264710400e+03
-4.581625887264710400e+03
-4.581672325811589872e+03
-4.581641637455480122e+03
-4.581641637455480122e+03
-4.581744098572079565e+03
-4.581872697435420378e+03
-4.581858708559239858e+03
-4.581858708559239858e+03
-4.581830578057800267e+03
-4.581830578057800267e+03
-4.581830578057800267e+03
-4.581791063872749874e+03
-4.581791063872749874e+03
-4.581791063872749874e+03
-4.581791063872749874e+03
-4.581791063872749874e+03
-4.581802140216000225e+03
-4.581802140216000225e+03
-4.581802140216000225e+03
-4.581802140216000225e+03
-4.581725576803780314e+03
-4.581725576803780314e+03
-4.581659913597460218e+03
-4.581659913597460218e+03
-4.581659913597460218e+03
-4.581659913597460218e+03
-4.581640229768950121e+03
-4.581562409772600404e+03
-4.581562409772600404e+03
-4.581562409772600404e+03
-4.581562409772600404e+03
-4.581605894730239925e+03
-4.581605894730239925e+03
-4.581605894730239925e+03
-4.581605894730239925e+03
-4.581605894730239925e+03
-4.581605894730239925e+03
-4.581605894730239925e+03
-4.581605894730239925e+03
-4.581675950537969584e+03
-4.581675950537969584e+03
-4.581675950537969584e+03
-4.581675950537969584e+03
-4.581675950537969584e+03
-4.581675950537969584e+03
-4.581783210316169971e+03
-4.581783210316169971e+03
-4.581783210316169971e+03
-4.581786775561059585e+03
-4.581764847652349999e+03
-4.581764847652349999e+03
-4.582059246338009871e+03
-4.582059246338009871e+03
-4.581920886653550042e+03
-4.581920886653550042e+03
-4.581943650604150207e+03
-4.581792751872830195e+03
-4.581959260999000435e+03
-4.581959260999000435e+03
-4.581905291110830149e+03
-4.581950437298310135e+03
-4.581982429918650269e+03
-4.581982429918650269e+03
-4.582096354355599942e+03
-4.582001765767849975e+03
-4.582001765767849975e+03
-4.582001765767849975e+03
-4.582001765767849975e+03
-4.582001765767849975e+03
-4.581988533864890087e+03
-4.581988533864890087e+03
-4.581988533864890087e+03
-4.581988533864890087e+03
-4.581988533864890087e+03
-4.581988533864890087e+03
-4.581949751068639671e+03
-4.581949751068639671e+03
-4.581949751068639671e+03
-4.581977546059430097e+03
-4.581977546059430097e+03
-4.581977546059430097e+03
-4.581931355518529926e+03
-4.581864732272460060e+03
-4.581864732272460060e+03
-4.581864732272460060e+03
-4.581864732272460060e+03
-4.581864732272460060e+03
-4.581925092964300347e+03
-4.581951578972730204e+03
-4.581886813227370112e+03
-4.581886813227370112e+03
-4.581886813227370112e+03
-4.581886813227370112e+03
-4.581886813227370112e+03
-4.581886813227370112e+03
-4.581975204915180257e+03
-4.581868522312829555e+03
-4.581868522312829555e+03
-4.581868522312829555e+03
-4.581868522312829555e+03
-4.581956310110230334e+03
-4.581934938345660157e+03
-4.581934938345660157e+03
-4.581934938345660157e+03
-4.581934938345660157e+03
-4.581934938345660157e+03
-4.581934938345660157e+03
-4.581867086833380199e+03
-4.581867086833380199e+03
-4.581929643909389597e+03
-4.581929643909389597e+03
-4.581929643909389597e+03
-4.581929643909389597e+03
-4.581759583352380105e+03
-4.581759583352380105e+03
-4.581759583352380105e+03
-4.581759583352380105e+03
-4.581759583352380105e+03
-4.581585207861819981e+03
-4.581715278629950262e+03
-4.581715278629950262e+03
-4.581715278629950262e+03
-4.581715278629950262e+03
-4.581800879325290225e+03
-4.581800879325290225e+03
-4.581800879325290225e+03
-4.581800879325290225e+03
-4.581800879325290225e+03
-4.581531591083209605e+03
-4.581531591083209605e+03
-4.581531591083209605e+03
-4.581531591083209605e+03
-4.581531591083209605e+03
-4.581531591083209605e+03
-4.581626340364149655e+03
-4.581637120763900384e+03
-4.581432976132159638e+03
-4.581509451644829824e+03
-4.581369432159710414e+03
-4.581369432159710414e+03
-4.581338981149549909e+03
-4.581393015032909716e+03
-4.581632530971630331e+03
-4.581632530971630331e+03
-4.581697349088960436e+03
-4.581697349088960436e+03
-4.581697349088960436e+03
-4.581697349088960436e+03
-4.581651765416850139e+03
-4.581651765416850139e+03
-4.581636040647899790e+03
-4.581636040647899790e+03
-4.581636040647899790e+03
-4.581627644941970175e+03
-4.581644950179090301e+03
-4.581827268951199585e+03
-4.581792138128819715e+03
-4.581777393476470024e+03
-4.581777393476470024e+03
-4.581857606037059668e+03
-4.581841935937350172e+03
-4.581904567673340352e+03
-4.581904567673340352e+03
-4.581976376198230355e+03
-4.581976376198230355e+03
-4.581976376198230355e+03
-4.581981336431370437e+03
-4.581981336431370437e+03
-4.582048361892530011e+03
-4.582208293641730052e+03
-4.582208293641730052e+03
-4.582208293641730052e+03
-4.582208293641730052e+03
-4.582208293641730052e+03
-4.582208293641730052e+03
-4.582208293641730052e+03
-4.582318317390800075e+03
-4.582391261050160210e+03
-4.582391261050160210e+03
-4.582187751654830208e+03
-4.582187751654830208e+03
-4.582187751654830208e+03
-4.582187751654830208e+03
-4.582219638665829734e+03
-4.582219638665829734e+03
-4.582086851420260246e+03
-4.582055599305330361e+03
-4.582055599305330361e+03
-4.582055599305330361e+03
-4.582221801399909964e+03
-4.582276949680560392e+03
-4.582440629770259875e+03
-4.582440629770259875e+03
-4.582440629770259875e+03
-4.582514121867009635e+03
-4.582565511473299921e+03
-4.582565511473299921e+03
-4.582565511473299921e+03
-4.582670649498960302e+03
-4.582670649498960302e+03
-4.582670649498960302e+03
-4.582679385193359849e+03
-4.582703311877889973e+03
-4.582703311877889973e+03
-4.582703311877889973e+03
-4.582785538955519769e+03
-4.582785538955519769e+03
-4.582785538955519769e+03
-4.582738153867960136e+03
-4.582738153867960136e+03
-4.582738153867960136e+03
-4.582738153867960136e+03
-4.582738153867960136e+03
-4.582738153867960136e+03
-4.582971335069960332e+03
-4.583123053045849701e+03
-4.583123053045849701e+03
-4.583123053045849701e+03
-4.583123053045849701e+03
-4.583141861217680344e+03
-4.583141861217680344e+03
-4.583141861217680344e+03
-4.583141861217680344e+03
-4.583141861217680344e+03
-4.583141861217680344e+03
-4.583141861217680344e+03
-4.583141861217680344e+03
-4.583141861217680344e+03
-4.583141861217680344e+03
-4.583141861217680344e+03
-4.583141861217680344e+03
-4.583045141437460188e+03
-4.582949642297269747e+03
-4.582999443697470269e+03
-4.582999443697470269e+03
-4.583117094150739831e+03
-4.583117094150739831e+03
-4.583117094150739831e+03
-4.583071789260689911e+03
-4.583071789260689911e+03
-4.583071789260689911e+03
-4.583071789260689911e+03
-4.583082780735269807e+03
-4.583082780735269807e+03
-4.583082780735269807e+03
-4.583082780735269807e+03
-4.583082780735269807e+03
-4.583082780735269807e+03
-4.583047178812110360e+03
-4.582988123070260372e+03
-4.582988123070260372e+03
-4.583124442198750330e+03
-4.583124442198750330e+03
-4.583124442198750330e+03
-4.583124442198750330e+03
-4.583124442198750330e+03
-4.583124442198750330e+03
-4.583124442198750330e+03
-4.583124442198750330e+03
-4.583124442198750330e+03
-4.583124442198750330e+03
-4.583124442198750330e+03
-4.583124442198750330e+03
-4.583124442198750330e+03
-4.583124442198750330e+03
-4.583051584942450063e+03
-4.583051584942450063e+03
-4.583042880555480224e+03
-4.583042880555480224e+03
-4.583042880555480224e+03
-4.583062490256899764e+03
-4.583077920560749590e+03
-4.583078890978779782e+03
-4.583106827849610454e+03
-4.583106827849610454e+03
-4.583106827849610454e+03
-4.583080945095710376e+03
-4.583164083662140001e+03
-4.583164083662140001e+03
-4.583164083662140001e+03
-4.583187082061200272e+03
-4.583256086567430430e+03
-4.583255837297800099e+03
-4.583238465902370081e+03
-4.583238465902370081e+03
-4.583238465902370081e+03
-4.583219874284400248e+03
-4.583246960422889970e+03
-4.583246960422889970e+03
-4.583246960422889970e+03
-4.583246960422889970e+03
-4.583246960422889970e+03
-4.583246960422889970e+03
-4.583226453875019615e+03
-4.583225873534919629e+03
-4.583225873534919629e+03
-4.583225873534919629e+03
-4.583273869397339695e+03
-4.583273869397339695e+03
-4.583273869397339695e+03
-4.583273869397339695e+03
-4.583273869397339695e+03
-4.583273869397339695e+03
-4.583273869397339695e+03
-4.583273869397339695e+03
-4.583273869397339695e+03
-4.583273869397339695e+03
-4.583273869397339695e+03
-4.583273869397339695e+03
-4.583302178635540258e+03
-4.583302178635540258e+03
-4.583302178635540258e+03
-4.583302178635540258e+03
-4.583302178635540258e+03
-4.583302178635540258e+03
-4.583278404094839971e+03
-4.583036619834850171e+03
-4.583036619834850171e+03
-4.583036619834850171e+03
-4.583029528501950153e+03
-4.583029528501950153e+03
-4.583029528501950153e+03
-4.582960885147779663e+03
-4.582776823771429918e+03
-4.582776823771429918e+03
-4.582776823771429918e+03
-4.582804215669119912e+03
-4.582804215669119912e+03
-4.582804215669119912e+03
-4.582804215669119912e+03
-4.582804215669119912e+03
-4.582804215669119912e+03
-4.582804215669119912e+03
-4.582787195428220002e+03
-4.582787195428220002e+03
-4.582787195428220002e+03
-4.582752115005710039e+03
-4.582752115005710039e+03
-4.582842622937980195e+03
-4.582857298449410337e+03
-4.582914502472250206e+03
-4.582742418134300351e+03
-4.582742418134300351e+03
-4.582742418134300351e+03
-4.582670257351839609e+03
-4.582781844869489760e+03
-4.582844572987120046e+03
-4.582844572987120046e+03
-4.582844572987120046e+03
-4.582844572987120046e+03
-4.582826128185930429e+03
-4.582745819815279901e+03
-4.582745819815279901e+03
-4.582745819815279901e+03
-4.582745819815279901e+03
-4.582745819815279901e+03
-4.582745819815279901e+03
-4.582745819815279901e+03
-4.582687895383570321e+03
-4.582762011385850201e+03
-4.582789970831509891e+03
-4.582806510494589929e+03
-4.582806510494589929e+03
-4.582806510494589929e+03
-4.582800942136250342e+03
-4.582800942136250342e+03
-4.582854904579899994e+03
-4.582854904579899994e+03
-4.582854904579899994e+03
-4.582854904579899994e+03
-4.582920057087209898e+03
-4.582920057087209898e+03
-4.582920057087209898e+03
-4.582978875003160283e+03
-4.582978875003160283e+03
-4.582978875003160283e+03
-4.582978875003160283e+03
-4.582978875003160283e+03
-4.583080613159970198e+03
-4.583080613159970198e+03
-4.583080613159970198e+03
-4.583080613159970198e+03
-4.583080613159970198e+03
-4.583149916203509747e+03
-4.583149916203509747e+03
-4.583149916203509747e+03
-4.583141150072759956e+03
-4.583141150072759956e+03
-4.583141150072759956e+03
-4.583061343289119577e+03
-4.582990618241459742e+03
-4.583015717587400104e+03
-4.583015717587400104e+03
-4.583163209123210436e+03
-4.583225515975959752e+03
-4.583165792838000016e+03
-4.583165792838000016e+03
-4.583165792838000016e+03
-4.583207468586009782e+03
-4.583207468586009782e+03
-4.583246920061329547e+03
-4.583246920061329547e+03
-4.583246920061329547e+03
-4.583243558371759718e+03
-4.583045215191939860e+03
-4.583045215191939860e+03
-4.583045215191939860e+03
-4.583045215191939860e+03
-4.583045215191939860e+03
-4.583045215191939860e+03
-4.583045215191939860e+03
-4.583045215191939860e+03
-4.583045215191939860e+03
-4.583170730242780337e+03
-4.583170730242780337e+03
-4.583206394176479989e+03
-4.583206154391569726e+03
-4.583304449534490232e+03
-4.583333509708370002e+03
-4.583257175110239587e+03
-4.583257175110239587e+03
-4.583207901858520017e+03
-4.583207901858520017e+03
-4.583302811597000073e+03
-4.583397046587600016e+03
-4.583397046587600016e+03
-4.583397046587600016e+03
-4.583397046587600016e+03
-4.583397046587600016e+03
-4.583397046587600016e+03
-4.583397046587600016e+03
-4.583397046587600016e+03
-4.583397046587600016e+03
-4.583367876028880346e+03
-4.583367876028880346e+03
-4.583367876028880346e+03
-4.583367876028880346e+03
-4.583360430599789652e+03
-4.583380975333800052e+03
-4.583380975333800052e+03
-4.583380975333800052e+03
-4.583520482082009948e+03
-4.583520482082009948e+03
-4.583558297565050452e+03
-4.583594242844489600e+03
-4.583594242844489600e+03
-4.583594242844489600e+03
-4.583511743622630092e+03
-4.583511743622630092e+03
-4.583549500171890031e+03
-4.583470310223659908e+03
-4.583470310223659908e+03
-4.583470310223659908e+03
-4.583494586533969596e+03
-4.583494586533969596e+03
-4.583471405004919689e+03
-4.583471405004919689e+03
-4.583471405004919689e+03
-4.583471405004919689e+03
-4.583471405004919689e+03
-4.583379673909379562e+03
-4.583565702962229807e+03
-4.583565702962229807e+03
-4.583275819588609920e+03
-4.583275819588609920e+03
-4.583275819588609920e+03
-4.583239648245579701e+03
-4.583161844139809546e+03
-4.583326324754059897e+03
-4.583410244204469564e+03
-4.583410244204469564e+03
-4.583419805140980316e+03
-4.583419805140980316e+03
-4.583419805140980316e+03
-4.583423571229540357e+03
-4.583423571229540357e+03
-4.583423571229540357e+03
-4.583423571229540357e+03
-4.583423571229540357e+03
-4.583453046307699879e+03
-4.583453046307699879e+03
-4.583201275387459646e+03
-4.583223375015390047e+03
-4.583276126896689675e+03
-4.583285693091440407e+03
-4.583285693091440407e+03
-4.583285693091440407e+03
-4.583248374470939780e+03
-4.583248374470939780e+03
-4.583248374470939780e+03
-4.583248374470939780e+03
-4.583228008126539862e+03
-4.583211838093209735e+03
-4.583198458442479932e+03
-4.583094154205829909e+03
-4.583105987402070241e+03
-4.583105987402070241e+03
-4.583105987402070241e+03
-4.582785746219179600e+03
-4.582785746219179600e+03
-4.582785746219179600e+03
-4.582785746219179600e+03
-4.582785746219179600e+03
-4.582839051131890301e+03
-4.582839051131890301e+03
-4.582839051131890301e+03
-4.582839051131890301e+03
-4.582854643281850258e+03
-4.582854643281850258e+03
-4.582902996013180200e+03
-4.583087677683770380e+03
-4.583087677683770380e+03
-4.583087677683770380e+03
-4.583193305313109704e+03
-4.583232145777399637e+03
-4.583439021157640127e+03
-4.583420465899859664e+03
-4.583420465899859664e+03
-4.583440665998489749e+03
-4.583435352571389558e+03
-4.583541897777799932e+03
-4.583591775530289851e+03
-4.583617227205660129e+03
-4.583617227205660129e+03
-4.583617227205660129e+03
-4.583617227205660129e+03
-4.583598234601719923e+03
-4.583598234601719923e+03
-4.583598234601719923e+03
-4.583598234601719923e+03
-4.583606981324210210e+03
-4.583606981324210210e+03
-4.583592726445110202e+03
-4.583553494240460168e+03
-4.583553494240460168e+03
-4.583577619727409910e+03
-4.583577619727409910e+03
-4.583580871401960394e+03
-4.583580871401960394e+03
-4.583564457488139851e+03
-4.583584141942879796e+03
-4.583584141942879796e+03
-4.583637726151369861e+03
-4.583637726151369861e+03
-4.583640774442959810e+03
-4.583640774442959810e+03
-4.583640774442959810e+03
-4.583640774442959810e+03
-4.583705206097520204e+03
-4.583705206097520204e+03
-4.583705206097520204e+03
-4.583705206097520204e+03
-4.583705206097520204e+03
-4.583705206097520204e+03
-4.583705206097520204e+03
-4.583705206097520204e+03
-4.583705206097520204e+03
-4.583705206097520204e+03
-4.583705206097520204e+03
-4.583705206097520204e+03
-4.583548181772050157e+03
-4.583548181772050157e+03
-4.583548181772050157e+03
-4.583675026996779707e+03
-4.583675026996779707e+03
-4.583675026996779707e+03
-4.583675026996779707e+03
-4.583675026996779707e+03
-4.583675026996779707e+03
-4.583676022438899963e+03
-4.583676022438899963e+03
-4.583785418276949713e+03
-4.583785418276949713e+03
-4.583785418276949713e+03
-4.583785418276949713e+03
-4.583785418276949713e+03
-4.583785418276949713e+03
-4.583785418276949713e+03
-4.583785418276949713e+03
-4.583785418276949713e+03
-4.583785418276949713e+03
-4.583724964123010068e+03
-4.583724964123010068e+03
-4.583724964123010068e+03
-4.583724964123010068e+03
-4.583764798491460169e+03
-4.583914734421339745e+03
-4.583914734421339745e+03
-4.583983587877060017e+03
-4.583983587877060017e+03
-4.584038165780159943e+03
-4.584038165780159943e+03
-4.584085757099879629e+03
-4.584085757099879629e+03
-4.584258579644770180e+03
-4.584258579644770180e+03
-4.584258579644770180e+03
-4.584258579644770180e+03
-4.584258579644770180e+03
-4.584258579644770180e+03
-4.584258579644770180e+03
-4.584258579644770180e+03
-4.584258579644770180e+03
-4.584258579644770180e+03
-4.584258579644770180e+03
-4.584258579644770180e+03
-4.584158761719760150e+03
-4.584158761719760150e+03
-4.584158761719760150e+03
-4.583970870778070093e+03
-4.583970870778070093e+03
-4.583884793935199923e+03
-4.584020851907789620e+03
-4.584031950802749634e+03
-4.584031950802749634e+03
-4.584013619556740196e+03
-4.584013619556740196e+03
-4.583938134479510154e+03
-4.584133901582989893e+03
-4.584031246192450453e+03
-4.584031246192450453e+03
-4.584031246192450453e+03
-4.584031246192450453e+03
-4.584031246192450453e+03
-4.584031246192450453e+03
-4.584042249607879967e+03
-4.583989991361039756e+03
-4.583895496598010141e+03
-4.583895496598010141e+03
-4.583982063508289684e+03
-4.583982063508289684e+03
-4.583982063508289684e+03
-4.583982063508289684e+03
-4.583982098115399822e+03
-4.583878527510660206e+03
-4.583856808665090284e+03
-4.583856808665090284e+03
-4.583856808665090284e+03
-4.583845158044299751e+03
-4.583845158044299751e+03
-4.583906995772469600e+03
-4.583906995772469600e+03
-4.583979591269299817e+03
-4.583979591269299817e+03
-4.583979591269299817e+03
-4.583979591269299817e+03
-4.584010535871249886e+03
-4.583906049298179823e+03
-4.583895230335630004e+03
-4.583895230335630004e+03
-4.583974224001410221e+03
-4.583974224001410221e+03
-4.584149806296230054e+03
-4.584149806296230054e+03
-4.584161259433350097e+03
-4.584256681098479930e+03
-4.584256681098479930e+03
-4.584301630063730045e+03
-4.584279359626540099e+03
-4.584254404416339639e+03
-4.584285089094069917e+03
-4.584255000184160053e+03
-4.584061678967699663e+03
-4.584105255526260407e+03
-4.584105255526260407e+03
-4.584105255526260407e+03
-4.583948216299910200e+03
-4.583963334902889983e+03
-4.583956042712489761e+03
-4.583956042712489761e+03
-4.583956042712489761e+03
-4.584100719767259761e+03
-4.584100719767259761e+03
-4.584207056372760235e+03
-4.584207056372760235e+03
-4.584206823769890434e+03
-4.584206823769890434e+03
-4.584206823769890434e+03
-4.584206823769890434e+03
-4.584206823769890434e+03
-4.584026139032769606e+03
-4.584026139032769606e+03
-4.584064389683459922e+03
-4.584059720881369685e+03
-4.584059720881369685e+03
-4.584132704353100053e+03
-4.584334828396319608e+03
-4.584322847519350034e+03
-4.584322847519350034e+03
-4.584322847519350034e+03
-4.584322847519350034e+03
-4.584322847519350034e+03
-4.584197535530540335e+03
-4.584197535530540335e+03
-4.584197535530540335e+03
-4.584294703213779940e+03
-4.584294703213779940e+03
-4.584294703213779940e+03
-4.584252581600299891e+03
-4.584252581600299891e+03
-4.584273177936610409e+03
-4.584268189287189671e+03
-4.584268189287189671e+03
-4.584268189287189671e+03
-4.584370128939340248e+03
-4.584370128939340248e+03
-4.584373303295989899e+03
-4.584373303295989899e+03
-4.584373303295989899e+03
-4.584373303295989899e+03
-4.584373303295989899e+03
-4.584373303295989899e+03
-4.584408866912849589e+03
-4.584452653912409914e+03
-4.584452653912409914e+03
-4.584500570617829908e+03
-4.584500570617829908e+03
-4.584500570617829908e+03
-4.584500570617829908e+03
-4.584319648932570090e+03
-4.584319648932570090e+03
-4.584319648932570090e+03
-4.584319648932570090e+03
-4.584378115649649772e+03
-4.584378115649649772e+03
-4.584474783599040165e+03
-4.584517536158499752e+03
-4.584505544799780182e+03
-4.584490977308239962e+03
-4.584490977308239962e+03
-4.584490977308239962e+03
-4.584516979157870082e+03
-4.584469284006790076e+03
-4.584469284006790076e+03
-4.584469284006790076e+03
-4.584469284006790076e+03
-4.584469284006790076e+03
-4.584469284006790076e+03
-4.584460714226450364e+03
-4.584373755528379661e+03
-4.584373755528379661e+03
-4.584373755528379661e+03
-4.584522344688770318e+03
-4.584527121642009661e+03
-4.584527121642009661e+03
-4.584527121642009661e+03
-4.584459432440109595e+03
-4.584459432440109595e+03
-4.584459432440109595e+03
-4.584459432440109595e+03
-4.584542853493710027e+03
-4.584613828591909623e+03
-4.584613828591909623e+03
-4.584613828591909623e+03
-4.584613828591909623e+03
-4.584613828591909623e+03
-4.584613828591909623e+03
-4.584489688199199918e+03
-4.584519199498039598e+03
-4.584519199498039598e+03
-4.584519199498039598e+03
-4.584413386921620258e+03
-4.584355548272120359e+03
-4.584355548272120359e+03
-4.584355548272120359e+03
-4.584335434979610000e+03
-4.584335434979610000e+03
-4.584335434979610000e+03
-4.584335434979610000e+03
-4.584335434979610000e+03
-4.584249758911199933e+03
-4.584249758911199933e+03
-4.584249758911199933e+03
-4.584249758911199933e+03
-4.584249758911199933e+03
-4.584249758911199933e+03
-4.584249758911199933e+03
-4.584249758911199933e+03
-4.584249758911199933e+03
-4.584249758911199933e+03
-4.584249758911199933e+03
-4.584249758911199933e+03
-4.584193191432350432e+03
-4.584365381005710333e+03
-4.584144347300930349e+03
-4.584274041756490078e+03
-4.584384279287650315e+03
-4.584384279287650315e+03
-4.584384279287650315e+03
-4.584384279287650315e+03
-4.584384279287650315e+03
-4.584396966328369672e+03
-4.584396966328369672e+03
-4.584396966328369672e+03
-4.584372575655969740e+03
-4.584372575655969740e+03
-4.584372575655969740e+03
-4.584372575655969740e+03
-4.584372575655969740e+03
-4.584320629952519994e+03
-4.584320629952519994e+03
-4.584320629952519994e+03
-4.584243506925389738e+03
-4.584144720750529814e+03
-4.584144720750529814e+03
-4.584144720750529814e+03
-4.584213174219809844e+03
-4.584213174219809844e+03
-4.584213174219809844e+03
-4.584213174219809844e+03
-4.584213174219809844e+03
-4.584213174219809844e+03
-4.584225352677390219e+03
-4.584249507513650315e+03
-4.584249507513650315e+03
-4.584249507513650315e+03
-4.584224196583870253e+03
-4.584224196583870253e+03
-4.584224196583870253e+03
-4.584180651234750258e+03
-4.584180651234750258e+03
-4.584203735568999946e+03
-4.584203735568999946e+03
-4.584203735568999946e+03
-4.584203735568999946e+03
-4.584228629213689601e+03
-4.584228629213689601e+03
-4.584147779298279602e+03
-4.584147779298279602e+03
-4.584147779298279602e+03
